53.0
41.0
52.0
48.0
28.0
39.0
70.0
67.0
26.0
5.0
40.0
84.0
84.0
60.0
57.0
66.0
48.0
24.0
38.0
81.0
88.0
66.0
56.0
86.0
101.0
74.0
59.0
83.0
101.0
81.0
56.0
59.0
84.0
86.0
67.0
60.0
87.0
99.0
84.0
83.0
103.0
98.0
50.0
18.0
38.0
75.0
70.0
51.0
57.0
75.0
69.0
35.0
22.0
40.0
48.0
35.0
21.0
37.0
54.0
37.0
11.0
23.0
52.0
53.0
37.0
34.0
53.0
53.0
19.0
3.0
27.0
51.0
36.0
17.0
23.0
41.0
37.0
28.0
48.0
85.0
91.0
70.0
59.0
77.0
91.0
80.0
70.0
90.0
109.0
88.0
56.0
52.0
74.0
82.0
65.0
55.0
70.0
73.0
48.0
32.0
45.0
54.0
37.0
25.0
36.0
54.0
48.0
36.0
40.0
55.0
44.0
20.0
8.0
35.0
52.0
37.0
24.0
39.0
59.0
64.0
58.0
68.0
74.0
54.0
27.0
26.0
53.0
59.0
33.0
22.0
51.0
81.0
66.0
42.0
56.0
84.0
75.0
56.0
58.0
72.0
57.0
37.0
48.0
82.0
98.0
80.0
57.0
60.0
52.0
9.0
-262.0
22.0
58.0
52.0
20.0
20.0
52.0
55.0
20.0
-257.0
16.0
35.0
32.0
22.0
34.0
40.0
18.0
-258.0
3.0
39.0
49.0
27.0
24.0
51.0
69.0
53.0
40.0
51.0
54.0
27.0
8.0
28.0
55.0
50.0
27.0
33.0
68.0
75.0
43.0
26.0
51.0
76.0
61.0
40.0
52.0
72.0
65.0
41.0
39.0
53.0
49.0
28.0
34.0
59.0
67.0
40.0
24.0
40.0
49.0
23.0
-257.0
10.0
43.0
42.0
19.0
19.0
43.0
53.0
35.0
27.0
49.0
60.0
43.0
32.0
49.0
55.0
32.0
16.0
32.0
54.0
44.0
21.0
17.0
33.0
41.0
38.0
39.0
58.0
73.0
65.0
39.0
43.0
82.0
81.0
55.0
58.0
85.0
83.0
52.0
41.0
65.0
83.0
70.0
58.0
74.0
93.0
75.0
55.0
71.0
93.0
72.0
33.0
22.0
56.0
73.0
60.0
56.0
73.0
80.0
49.0
23.0
27.0
40.0
32.0
20.0
41.0
74.0
68.0
28.0
10.0
25.0
29.0
12.0
19.0
48.0
65.0
37.0
1.0
9.0
49.0
52.0
23.0
12.0
38.0
53.0
49.0
56.0
82.0
88.0
64.0
42.0
55.0
86.0
81.0
54.0
54.0
74.0
69.0
42.0
40.0
75.0
98.0
75.0
58.0
71.0
87.0
71.0
53.0
66.0
86.0
72.0
52.0
57.0
81.0
73.0
40.0
20.0
41.0
72.0
65.0
51.0
54.0
59.0
45.0
34.0
43.0
73.0
72.0
41.0
34.0
70.0
89.0
73.0
64.0
89.0
115.0
91.0
67.0
75.0
93.0
89.0
61.0
55.0
83.0
87.0
57.0
49.0
71.0
73.0
40.0
18.0
36.0
71.0
58.0
22.0
21.0
59.0
72.0
54.0
54.0
73.0
84.0
61.0
40.0
53.0
71.0
58.0
35.0
36.0
58.0
59.0
42.0
42.0
66.0
74.0
70.0
72.0
92.0
96.0
70.0
52.0
65.0
89.0
74.0
41.0
39.0
69.0
71.0
32.0
6.0
37.0
76.0
74.0
55.0
58.0
66.0
44.0
21.0
32.0
67.0
66.0
33.0
20.0
49.0
69.0
57.0
40.0
42.0
49.0
25.0
2.0
10.0
33.0
25.0
5.0
10.0
34.0
24.0
7.0
11.0
37.0
55.0
50.0
56.0
76.0
82.0
49.0
25.0
50.0
86.0
72.0
45.0
43.0
71.0
86.0
70.0
61.0
88.0
106.0
85.0
74.0
106.0
120.0
104.0
87.0
100.0
-125.0
-127.0
107.0
123.0
-100.0
-117.0
82.0
69.0
105.0
-116.0
-105.0
-124.0
113.0
-127.0
-119.0
-107.0
-60.0
-11.0
-25.0
-53.0
-36.0
-9.0
258.0
-6.0
256.0
278.0
299.0
298.0
299.0
331.0
129.0
154.0
381.0
337.0
316.0
297.0
263.0
-12.0
260.0
269.0
-26.0
-74.0
-78.0
-71.0
-105.0
115.0
114.0
-125.0
115.0
67.0
25.0
21.0
16.0
-291.0
-341.0
-346.0
-338.0
-359.0
-134.0
-141.0
-130.0
-138.0
-158.0
-156.0
-129.0
-371.0
-134.0
-161.0
-167.0
-157.0
-170.0
-180.0
-162.0
-138.0
-146.0
-151.0
-129.0
-350.0
-344.0
-361.0
-364.0
-348.0
-353.0
-379.0
-135.0
-365.0
-345.0
-358.0
-382.0
-132.0
-359.0
-349.0
-374.0
-379.0
-354.0
-342.0
-362.0
-375.0
-354.0
-330.0
-332.0
-327.0
-297.0
-265.0
-275.0
-300.0
-297.0
-273.0
-265.0
-273.0
-268.0
0.0
1.0
-279.0
-297.0
-278.0
-263.0
-281.0
-297.0
-279.0
3.0
-265.0
-295.0
-293.0
-259.0
3.0
-283.0
-297.0
-268.0
6.0
-270.0
-293.0
-286.0
-273.0
-279.0
-295.0
-289.0
-259.0
4.0
-261.0
1.0
26.0
40.0
24.0
8.0
24.0
39.0
29.0
32.0
57.0
75.0
66.0
42.0
41.0
60.0
55.0
23.0
18.0
43.0
59.0
38.0
21.0
41.0
69.0
59.0
41.0
49.0
70.0
76.0
57.0
49.0
72.0
91.0
83.0
74.0
93.0
117.0
104.0
75.0
75.0
86.0
72.0
42.0
38.0
58.0
64.0
50.0
56.0
92.0
113.0
82.0
43.0
51.0
89.0
89.0
72.0
82.0
97.0
82.0
52.0
45.0
74.0
88.0
66.0
50.0
68.0
92.0
84.0
64.0
82.0
119.0
116.0
84.0
76.0
107.0
121.0
102.0
81.0
89.0
100.0
87.0
74.0
83.0
97.0
80.0
51.0
57.0
81.0
83.0
49.0
37.0
83.0
105.0
70.0
37.0
50.0
69.0
54.0
24.0
26.0
55.0
72.0
81.0
88.0
105.0
87.0
50.0
49.0
88.0
103.0
70.0
43.0
65.0
87.0
71.0
42.0
43.0
67.0
64.0
45.0
54.0
88.0
103.0
81.0
67.0
98.0
122.0
100.0
68.0
73.0
99.0
84.0
39.0
36.0
80.0
85.0
54.0
44.0
83.0
105.0
85.0
69.0
93.0
121.0
92.0
59.0
71.0
105.0
112.0
82.0
69.0
89.0
98.0
72.0
57.0
76.0
92.0
77.0
52.0
57.0
91.0
96.0
69.0
70.0
100.0
101.0
65.0
37.0
48.0
59.0
44.0
36.0
53.0
70.0
56.0
49.0
68.0
97.0
87.0
61.0
57.0
74.0
67.0
39.0
34.0
58.0
89.0
86.0
68.0
77.0
90.0
72.0
41.0
41.0
76.0
92.0
67.0
51.0
66.0
74.0
51.0
41.0
74.0
101.0
77.0
54.0
65.0
96.0
97.0
72.0
76.0
117.0
124.0
87.0
57.0
71.0
88.0
72.0
52.0
67.0
101.0
99.0
72.0
68.0
86.0
88.0
56.0
38.0
56.0
81.0
71.0
56.0
73.0
84.0
52.0
17.0
28.0
67.0
73.0
52.0
43.0
70.0
81.0
61.0
48.0
60.0
84.0
72.0
52.0
67.0
93.0
77.0
48.0
39.0
60.0
65.0
43.0
37.0
64.0
82.0
59.0
32.0
32.0
50.0
39.0
11.0
16.0
44.0
54.0
35.0
24.0
38.0
43.0
25.0
5.0
12.0
29.0
33.0
33.0
42.0
56.0
42.0
23.0
37.0
65.0
66.0
41.0
37.0
66.0
80.0
54.0
36.0
52.0
69.0
48.0
9.0
11.0
44.0
60.0
59.0
56.0
72.0
86.0
74.0
67.0
84.0
91.0
70.0
57.0
76.0
101.0
88.0
65.0
71.0
103.0
101.0
50.0
18.0
32.0
50.0
48.0
42.0
56.0
68.0
49.0
34.0
36.0
52.0
52.0
34.0
33.0
54.0
64.0
53.0
52.0
66.0
61.0
32.0
5.0
19.0
43.0
42.0
39.0
58.0
86.0
82.0
56.0
61.0
82.0
76.0
58.0
52.0
76.0
98.0
73.0
27.0
19.0
33.0
21.0
-260.0
-259.0
26.0
28.0
4.0
-260.0
21.0
38.0
25.0
16.0
35.0
59.0
36.0
0.0
-257.0
25.0
41.0
25.0
11.0
38.0
67.0
64.0
51.0
66.0
83.0
57.0
28.0
27.0
44.0
40.0
21.0
19.0
40.0
43.0
32.0
27.0
37.0
39.0
19.0
7.0
25.0
44.0
23.0
3.0
17.0
45.0
37.0
6.0
1.0
26.0
42.0
27.0
21.0
45.0
64.0
48.0
25.0
37.0
65.0
49.0
18.0
13.0
43.0
56.0
39.0
35.0
48.0
56.0
45.0
27.0
33.0
52.0
44.0
34.0
41.0
61.0
55.0
26.0
19.0
37.0
51.0
32.0
17.0
32.0
49.0
39.0
23.0
37.0
58.0
44.0
21.0
28.0
68.0
85.0
52.0
24.0
49.0
73.0
55.0
35.0
54.0
76.0
60.0
32.0
26.0
51.0
56.0
49.0
50.0
71.0
70.0
39.0
35.0
70.0
98.0
90.0
82.0
102.0
120.0
96.0
64.0
65.0
90.0
86.0
67.0
57.0
70.0
71.0
41.0
28.0
56.0
83.0
68.0
44.0
55.0
75.0
64.0
32.0
41.0
87.0
91.0
45.0
22.0
45.0
68.0
37.0
3.0
8.0
21.0
10.0
-260.0
7.0
43.0
55.0
45.0
51.0
68.0
73.0
52.0
38.0
37.0
43.0
33.0
17.0
27.0
69.0
57.0
10.0
4.0
37.0
45.0
13.0
-267.0
2.0
32.0
37.0
39.0
57.0
76.0
66.0
51.0
56.0
83.0
83.0
49.0
39.0
64.0
73.0
49.0
35.0
57.0
90.0
92.0
77.0
84.0
102.0
98.0
85.0
105.0
-115.0
-120.0
87.0
53.0
68.0
92.0
73.0
35.0
33.0
53.0
48.0
20.0
22.0
54.0
55.0
28.0
25.0
59.0
84.0
59.0
44.0
61.0
83.0
67.0
39.0
48.0
75.0
71.0
37.0
39.0
80.0
81.0
36.0
9.0
27.0
32.0
1.0
-265.0
12.0
44.0
67.0
75.0
82.0
92.0
83.0
57.0
48.0
71.0
86.0
67.0
76.0
118.0
118.0
64.0
26.0
39.0
66.0
55.0
33.0
28.0
49.0
56.0
40.0
28.0
39.0
51.0
40.0
25.0
42.0
68.0
65.0
40.0
26.0
36.0
35.0
19.0
18.0
38.0
40.0
16.0
6.0
43.0
86.0
73.0
39.0
40.0
76.0
75.0
53.0
55.0
93.0
116.0
87.0
65.0
76.0
92.0
85.0
67.0
68.0
86.0
83.0
67.0
69.0
82.0
66.0
40.0
39.0
65.0
75.0
54.0
37.0
56.0
84.0
60.0
27.0
38.0
61.0
53.0
24.0
21.0
43.0
41.0
11.0
3.0
28.0
55.0
42.0
23.0
29.0
49.0
39.0
23.0
33.0
68.0
72.0
41.0
26.0
49.0
69.0
64.0
51.0
54.0
57.0
37.0
10.0
11.0
38.0
40.0
22.0
29.0
70.0
82.0
61.0
58.0
92.0
124.0
101.0
64.0
69.0
80.0
67.0
51.0
54.0
75.0
71.0
43.0
43.0
73.0
75.0
42.0
38.0
81.0
119.0
106.0
83.0
80.0
84.0
70.0
43.0
27.0
51.0
70.0
68.0
70.0
89.0
87.0
50.0
33.0
60.0
89.0
80.0
52.0
50.0
75.0
71.0
34.0
16.0
33.0
40.0
24.0
16.0
34.0
52.0
51.0
44.0
56.0
81.0
80.0
49.0
37.0
65.0
80.0
57.0
38.0
56.0
75.0
55.0
33.0
44.0
69.0
64.0
50.0
49.0
66.0
56.0
35.0
35.0
59.0
57.0
23.0
12.0
44.0
70.0
54.0
22.0
13.0
33.0
40.0
40.0
54.0
75.0
67.0
48.0
57.0
97.0
102.0
70.0
45.0
57.0
73.0
55.0
33.0
43.0
83.0
73.0
32.0
17.0
37.0
43.0
25.0
18.0
37.0
51.0
37.0
23.0
35.0
52.0
48.0
28.0
29.0
57.0
70.0
57.0
51.0
66.0
71.0
39.0
17.0
35.0
57.0
53.0
41.0
55.0
84.0
67.0
22.0
20.0
58.0
77.0
56.0
42.0
58.0
77.0
74.0
60.0
57.0
56.0
20.0
-262.0
9.0
52.0
65.0
42.0
34.0
56.0
77.0
67.0
42.0
39.0
40.0
12.0
-260.0
22.0
68.0
67.0
34.0
17.0
35.0
52.0
43.0
36.0
52.0
64.0
40.0
21.0
36.0
57.0
39.0
18.0
38.0
85.0
90.0
48.0
20.0
38.0
54.0
36.0
22.0
50.0
85.0
73.0
42.0
43.0
69.0
55.0
23.0
22.0
45.0
50.0
33.0
33.0
60.0
81.0
58.0
32.0
40.0
59.0
49.0
28.0
29.0
48.0
44.0
28.0
35.0
70.0
84.0
51.0
25.0
38.0
55.0
64.0
71.0
89.0
98.0
75.0
39.0
35.0
66.0
70.0
41.0
27.0
48.0
60.0
42.0
26.0
41.0
57.0
39.0
20.0
37.0
75.0
83.0
54.0
26.0
40.0
58.0
57.0
55.0
70.0
84.0
71.0
56.0
60.0
73.0
60.0
41.0
41.0
59.0
66.0
55.0
51.0
74.0
89.0
80.0
74.0
85.0
91.0
57.0
20.0
28.0
69.0
85.0
68.0
50.0
56.0
65.0
48.0
36.0
51.0
72.0
60.0
35.0
43.0
73.0
76.0
65.0
67.0
84.0
87.0
69.0
69.0
97.0
106.0
90.0
67.0
60.0
76.0
75.0
58.0
59.0
73.0
66.0
51.0
57.0
86.0
86.0
64.0
64.0
91.0
98.0
67.0
44.0
48.0
61.0
57.0
37.0
40.0
67.0
70.0
50.0
40.0
65.0
77.0
66.0
65.0
87.0
89.0
53.0
24.0
39.0
70.0
61.0
23.0
22.0
64.0
76.0
50.0
34.0
50.0
55.0
38.0
27.0
50.0
67.0
55.0
35.0
40.0
68.0
61.0
33.0
16.0
39.0
70.0
75.0
73.0
84.0
84.0
67.0
53.0
59.0
84.0
80.0
48.0
39.0
55.0
52.0
17.0
10.0
50.0
65.0
24.0
6.0
38.0
74.0
50.0
-257.0
-260.0
27.0
36.0
16.0
4.0
22.0
32.0
6.0
-259.0
27.0
64.0
52.0
20.0
11.0
22.0
23.0
23.0
33.0
52.0
48.0
12.0
5.0
39.0
54.0
24.0
3.0
32.0
67.0
64.0
43.0
67.0
105.0
114.0
87.0
68.0
81.0
89.0
73.0
56.0
71.0
92.0
69.0
25.0
29.0
70.0
76.0
44.0
29.0
55.0
69.0
49.0
28.0
45.0
71.0
67.0
53.0
64.0
83.0
56.0
24.0
37.0
77.0
81.0
56.0
58.0
101.0
123.0
103.0
90.0
108.0
-123.0
116.0
96.0
109.0
-105.0
-105.0
125.0
125.0
-119.0
-107.0
-121.0
124.0
-88.0
-30.0
-14.0
-28.0
-20.0
288.0
312.0
299.0
306.0
342.0
359.0
345.0
368.0
176.0
205.0
164.0
373.0
379.0
148.0
149.0
132.0
131.0
132.0
356.0
310.0
289.0
289.0
274.0
-10.0
-29.0
-37.0
-51.0
-103.0
104.0
88.0
61.0
3.0
-307.0
-325.0
-309.0
-322.0
-356.0
-381.0
-131.0
-152.0
-199.0
-213.0
-189.0
-182.0
-225.0
-523.0
-517.0
-221.0
-218.0
-251.0
-514.0
-215.0
-184.0
-201.0
-241.0
-243.0
-230.0
-247.0
-515.0
-234.0
-205.0
-210.0
-221.0
-212.0
-181.0
-170.0
-185.0
-182.0
-165.0
-161.0
-174.0
-179.0
-155.0
-379.0
-380.0
-140.0
-130.0
-366.0
-377.0
-132.0
-361.0
-322.0
-314.0
-342.0
-349.0
-333.0
-324.0
-340.0
-362.0
-348.0
-314.0
-316.0
-338.0
-324.0
-282.0
-269.0
-284.0
-274.0
24.0
40.0
27.0
24.0
40.0
64.0
42.0
10.0
19.0
50.0
40.0
9.0
9.0
39.0
52.0
32.0
18.0
44.0
82.0
70.0
38.0
45.0
75.0
65.0
37.0
38.0
65.0
70.0
67.0
80.0
102.0
96.0
58.0
53.0
84.0
104.0
74.0
43.0
52.0
80.0
88.0
75.0
66.0
80.0
73.0
50.0
50.0
84.0
89.0
59.0
48.0
70.0
92.0
77.0
56.0
59.0
96.0
112.0
100.0
90.0
96.0
88.0
59.0
43.0
65.0
91.0
81.0
57.0
59.0
85.0
90.0
71.0
58.0
73.0
83.0
67.0
54.0
76.0
93.0
76.0
51.0
56.0
81.0
81.0
65.0
59.0
80.0
76.0
59.0
66.0
72.0
43.0
2.0
-257.0
59.0
120.0
117.0
92.0
105.0
-109.0
-103.0
-128.0
108.0
107.0
92.0
55.0
55.0
106.0
-122.0
104.0
70.0
57.0
52.0
38.0
28.0
49.0
83.0
89.0
75.0
81.0
102.0
99.0
70.0
51.0
64.0
71.0
50.0
33.0
36.0
58.0
55.0
33.0
45.0
82.0
86.0
67.0
53.0
66.0
74.0
59.0
43.0
59.0
86.0
75.0
50.0
51.0
90.0
115.0
100.0
87.0
101.0
107.0
96.0
84.0
99.0
120.0
106.0
81.0
77.0
97.0
90.0
69.0
66.0
68.0
50.0
24.0
22.0
49.0
59.0
38.0
26.0
51.0
82.0
71.0
48.0
54.0
85.0
89.0
61.0
44.0
65.0
83.0
67.0
53.0
71.0
83.0
61.0
48.0
56.0
68.0
60.0
40.0
36.0
52.0
49.0
39.0
51.0
74.0
75.0
50.0
35.0
50.0
58.0
44.0
27.0
35.0
58.0
51.0
28.0
32.0
52.0
69.0
54.0
40.0
57.0
71.0
49.0
29.0
41.0
64.0
45.0
24.0
34.0
65.0
74.0
58.0
57.0
83.0
85.0
49.0
25.0
51.0
70.0
48.0
37.0
60.0
90.0
76.0
57.0
68.0
89.0
86.0
72.0
67.0
82.0
89.0
75.0
67.0
70.0
77.0
65.0
43.0
42.0
64.0
58.0
35.0
28.0
53.0
72.0
55.0
36.0
54.0
73.0
56.0
33.0
32.0
44.0
48.0
26.0
18.0
33.0
42.0
38.0
51.0
80.0
87.0
67.0
58.0
84.0
109.0
96.0
60.0
53.0
77.0
86.0
71.0
72.0
91.0
101.0
73.0
48.0
59.0
82.0
69.0
50.0
68.0
97.0
76.0
35.0
29.0
81.0
109.0
86.0
56.0
57.0
69.0
58.0
53.0
66.0
72.0
37.0
5.0
20.0
54.0
54.0
32.0
36.0
64.0
66.0
39.0
35.0
69.0
91.0
74.0
52.0
58.0
76.0
66.0
41.0
38.0
65.0
85.0
84.0
77.0
86.0
83.0
67.0
60.0
76.0
98.0
81.0
50.0
41.0
56.0
49.0
28.0
39.0
69.0
72.0
41.0
22.0
34.0
52.0
45.0
22.0
22.0
52.0
58.0
39.0
24.0
42.0
59.0
49.0
34.0
45.0
65.0
56.0
42.0
54.0
68.0
56.0
38.0
48.0
60.0
50.0
34.0
41.0
67.0
69.0
44.0
39.0
68.0
83.0
60.0
40.0
54.0
77.0
68.0
42.0
53.0
96.0
93.0
51.0
25.0
43.0
65.0
52.0
26.0
29.0
56.0
58.0
44.0
48.0
64.0
51.0
27.0
29.0
57.0
60.0
28.0
4.0
11.0
33.0
33.0
26.0
42.0
65.0
50.0
27.0
42.0
80.0
82.0
49.0
40.0
72.0
101.0
85.0
53.0
54.0
72.0
70.0
52.0
43.0
56.0
49.0
33.0
39.0
74.0
82.0
51.0
27.0
35.0
49.0
35.0
21.0
29.0
45.0
33.0
7.0
11.0
38.0
34.0
6.0
10.0
54.0
84.0
74.0
58.0
61.0
66.0
44.0
32.0
50.0
67.0
48.0
25.0
33.0
64.0
68.0
41.0
29.0
52.0
72.0
66.0
50.0
55.0
72.0
60.0
38.0
42.0
67.0
70.0
54.0
60.0
85.0
75.0
39.0
25.0
37.0
53.0
44.0
27.0
32.0
50.0
49.0
33.0
27.0
41.0
42.0
19.0
11.0
39.0
58.0
43.0
20.0
35.0
69.0
58.0
27.0
20.0
42.0
54.0
48.0
38.0
56.0
73.0
60.0
41.0
54.0
80.0
66.0
32.0
27.0
54.0
64.0
38.0
34.0
68.0
76.0
41.0
25.0
55.0
84.0
70.0
45.0
58.0
91.0
82.0
55.0
59.0
85.0
84.0
53.0
39.0
59.0
67.0
43.0
34.0
52.0
74.0
68.0
49.0
51.0
64.0
50.0
33.0
38.0
66.0
69.0
40.0
26.0
41.0
43.0
22.0
23.0
49.0
69.0
49.0
23.0
36.0
70.0
73.0
54.0
41.0
51.0
53.0
43.0
44.0
72.0
102.0
97.0
75.0
83.0
99.0
75.0
36.0
19.0
34.0
38.0
19.0
12.0
38.0
53.0
41.0
37.0
60.0
87.0
74.0
51.0
54.0
73.0
61.0
35.0
35.0
59.0
57.0
17.0
-262.0
17.0
44.0
40.0
26.0
43.0
83.0
87.0
70.0
64.0
72.0
74.0
56.0
39.0
42.0
44.0
20.0
2.0
17.0
41.0
42.0
26.0
24.0
42.0
42.0
17.0
6.0
22.0
33.0
18.0
6.0
22.0
40.0
38.0
26.0
33.0
66.0
76.0
59.0
52.0
68.0
72.0
54.0
40.0
56.0
72.0
55.0
36.0
44.0
70.0
70.0
69.0
92.0
123.0
105.0
52.0
32.0
56.0
76.0
56.0
43.0
65.0
85.0
74.0
60.0
72.0
92.0
86.0
75.0
87.0
112.0
115.0
90.0
83.0
91.0
89.0
54.0
19.0
24.0
44.0
35.0
22.0
43.0
82.0
80.0
43.0
33.0
50.0
26.0
57.0
54.0
39.0
49.0
76.0
68.0
45.0
34.0
35.0
42.0
34.0
25.0
40.0
56.0
42.0
21.0
20.0
40.0
27.0
0.0
-259.0
25.0
37.0
8.0
-274.0
1.0
28.0
29.0
23.0
42.0
73.0
55.0
21.0
27.0
56.0
56.0
33.0
26.0
52.0
69.0
42.0
20.0
45.0
77.0
59.0
23.0
28.0
69.0
73.0
51.0
50.0
82.0
92.0
56.0
28.0
45.0
74.0
67.0
42.0
40.0
53.0
42.0
20.0
28.0
59.0
59.0
24.0
7.0
34.0
58.0
50.0
38.0
59.0
82.0
56.0
18.0
12.0
41.0
53.0
37.0
28.0
45.0
58.0
43.0
35.0
48.0
54.0
32.0
10.0
32.0
66.0
68.0
43.0
40.0
68.0
74.0
53.0
52.0
84.0
101.0
82.0
59.0
69.0
82.0
68.0
59.0
81.0
117.0
106.0
69.0
52.0
67.0
77.0
52.0
28.0
45.0
69.0
49.0
12.0
10.0
24.0
19.0
9.0
18.0
37.0
34.0
17.0
13.0
40.0
48.0
17.0
7.0
40.0
68.0
58.0
44.0
65.0
91.0
84.0
65.0
74.0
103.0
93.0
56.0
41.0
65.0
85.0
75.0
54.0
60.0
73.0
58.0
27.0
27.0
64.0
81.0
56.0
29.0
48.0
61.0
44.0
29.0
43.0
65.0
52.0
35.0
49.0
69.0
53.0
27.0
37.0
75.0
81.0
50.0
33.0
48.0
60.0
54.0
45.0
53.0
56.0
37.0
21.0
36.0
76.0
91.0
74.0
67.0
82.0
82.0
49.0
42.0
75.0
100.0
89.0
73.0
84.0
109.0
116.0
98.0
86.0
90.0
72.0
38.0
28.0
56.0
74.0
49.0
20.0
28.0
54.0
37.0
10.0
25.0
56.0
43.0
2.0
-260.0
25.0
33.0
4.0
-260.0
22.0
55.0
54.0
34.0
33.0
69.0
88.0
69.0
54.0
57.0
52.0
41.0
51.0
82.0
99.0
74.0
58.0
76.0
92.0
76.0
60.0
81.0
113.0
99.0
66.0
57.0
75.0
76.0
48.0
33.0
43.0
58.0
39.0
18.0
35.0
57.0
43.0
8.0
-261.0
11.0
12.0
-263.0
-259.0
29.0
41.0
27.0
19.0
34.0
51.0
40.0
20.0
19.0
39.0
38.0
19.0
16.0
48.0
67.0
52.0
41.0
75.0
106.0
100.0
77.0
77.0
98.0
88.0
64.0
54.0
68.0
66.0
41.0
33.0
54.0
65.0
44.0
32.0
45.0
72.0
71.0
51.0
48.0
60.0
54.0
38.0
40.0
61.0
69.0
42.0
23.0
51.0
77.0
61.0
43.0
59.0
92.0
88.0
72.0
73.0
87.0
82.0
57.0
50.0
74.0
98.0
87.0
80.0
80.0
75.0
58.0
48.0
61.0
76.0
59.0
26.0
12.0
35.0
53.0
34.0
19.0
40.0
64.0
49.0
27.0
36.0
52.0
41.0
20.0
11.0
33.0
45.0
36.0
27.0
43.0
57.0
49.0
35.0
43.0
66.0
59.0
45.0
56.0
77.0
74.0
53.0
48.0
71.0
84.0
68.0
49.0
53.0
68.0
55.0
54.0
77.0
100.0
82.0
51.0
59.0
91.0
76.0
32.0
16.0
45.0
72.0
61.0
52.0
69.0
96.0
90.0
68.0
64.0
81.0
77.0
50.0
42.0
77.0
92.0
58.0
22.0
23.0
41.0
42.0
40.0
61.0
88.0
75.0
40.0
37.0
71.0
73.0
34.0
20.0
55.0
87.0
71.0
43.0
39.0
44.0
37.0
23.0
42.0
60.0
44.0
20.0
32.0
74.0
91.0
64.0
49.0
83.0
124.0
117.0
69.0
40.0
58.0
76.0
72.0
92.0
-108.0
-61.0
-54.0
-52.0
256.0
284.0
268.0
268.0
312.0
348.0
343.0
333.0
368.0
153.0
153.0
378.0
365.0
364.0
345.0
324.0
315.0
330.0
321.0
264.0
-42.0
-46.0
-38.0
-73.0
-118.0
123.0
-128.0
113.0
82.0
64.0
72.0
69.0
25.0
-280.0
-307.0
-312.0
-331.0
-365.0
-382.0
-370.0
-379.0
-156.0
-168.0
-150.0
-147.0
-162.0
-172.0
-163.0
-152.0
-177.0
-202.0
-187.0
-149.0
-138.0
-167.0
-195.0
-173.0
-163.0
-174.0
-178.0
-150.0
-133.0
-154.0
-180.0
-163.0
-376.0
-377.0
-153.0
-161.0
-137.0
-139.0
-162.0
-151.0
-354.0
-322.0
-330.0
-347.0
-344.0
-338.0
-341.0
-332.0
-310.0
-291.0
-302.0
-332.0
-338.0
-310.0
-295.0
-311.0
-317.0
-296.0
-268.0
-265.0
-264.0
4.0
21.0
17.0
-262.0
-260.0
28.0
49.0
28.0
10.0
23.0
27.0
7.0
2.0
25.0
44.0
33.0
11.0
21.0
41.0
26.0
9.0
23.0
45.0
34.0
-257.0
-264.0
25.0
54.0
41.0
24.0
41.0
73.0
69.0
54.0
64.0
86.0
75.0
53.0
61.0
98.0
98.0
59.0
50.0
76.0
102.0
85.0
60.0
67.0
80.0
54.0
28.0
50.0
88.0
93.0
69.0
59.0
88.0
98.0
66.0
48.0
56.0
71.0
52.0
28.0
42.0
73.0
64.0
39.0
39.0
64.0
68.0
44.0
36.0
52.0
51.0
23.0
7.0
26.0
44.0
32.0
12.0
28.0
77.0
98.0
80.0
71.0
87.0
92.0
70.0
57.0
76.0
100.0
91.0
82.0
86.0
91.0
72.0
45.0
49.0
86.0
104.0
84.0
68.0
83.0
104.0
105.0
101.0
112.0
124.0
104.0
69.0
75.0
115.0
123.0
105.0
101.0
117.0
115.0
90.0
86.0
115.0
-121.0
117.0
85.0
84.0
107.0
102.0
72.0
69.0
91.0
93.0
66.0
48.0
83.0
123.0
112.0
76.0
73.0
89.0
89.0
73.0
74.0
91.0
86.0
66.0
61.0
84.0
87.0
66.0
65.0
93.0
114.0
97.0
70.0
69.0
80.0
72.0
58.0
57.0
77.0
85.0
60.0
49.0
73.0
88.0
57.0
32.0
39.0
67.0
67.0
55.0
61.0
83.0
83.0
65.0
59.0
85.0
101.0
90.0
83.0
86.0
97.0
76.0
43.0
38.0
66.0
77.0
58.0
45.0
80.0
106.0
96.0
74.0
82.0
90.0
69.0
50.0
51.0
54.0
34.0
12.0
20.0
50.0
50.0
21.0
7.0
24.0
37.0
27.0
17.0
26.0
41.0
18.0
-262.0
8.0
34.0
22.0
-260.0
-260.0
24.0
37.0
24.0
18.0
33.0
43.0
38.0
27.0
42.0
66.0
60.0
45.0
50.0
80.0
88.0
73.0
64.0
72.0
73.0
65.0
73.0
101.0
121.0
99.0
71.0
84.0
114.0
99.0
69.0
75.0
105.0
103.0
70.0
48.0
60.0
88.0
84.0
56.0
51.0
73.0
69.0
43.0
49.0
75.0
83.0
72.0
76.0
105.0
106.0
69.0
44.0
64.0
84.0
68.0
41.0
51.0
75.0
76.0
59.0
61.0
84.0
82.0
55.0
50.0
67.0
68.0
52.0
48.0
74.0
98.0
73.0
33.0
33.0
61.0
58.0
39.0
38.0
58.0
68.0
41.0
24.0
42.0
59.0
52.0
34.0
28.0
57.0
71.0
55.0
44.0
61.0
72.0
51.0
36.0
59.0
90.0
81.0
55.0
45.0
55.0
57.0
53.0
57.0
66.0
57.0
40.0
39.0
66.0
83.0
60.0
25.0
22.0
41.0
36.0
16.0
11.0
37.0
39.0
25.0
33.0
53.0
49.0
19.0
7.0
34.0
55.0
41.0
29.0
36.0
45.0
35.0
23.0
40.0
58.0
41.0
9.0
11.0
50.0
66.0
38.0
9.0
13.0
33.0
24.0
12.0
27.0
59.0
60.0
37.0
24.0
42.0
57.0
32.0
3.0
23.0
57.0
66.0
58.0
65.0
69.0
51.0
19.0
21.0
53.0
55.0
38.0
41.0
73.0
81.0
51.0
28.0
36.0
49.0
34.0
20.0
32.0
56.0
44.0
10.0
0.0
16.0
21.0
3.0
-259.0
19.0
29.0
13.0
3.0
26.0
55.0
48.0
20.0
23.0
53.0
55.0
25.0
8.0
35.0
56.0
38.0
21.0
40.0
65.0
58.0
50.0
55.0
64.0
48.0
38.0
55.0
83.0
77.0
50.0
48.0
83.0
85.0
42.0
22.0
42.0
73.0
69.0
41.0
35.0
59.0
76.0
73.0
72.0
86.0
88.0
68.0
50.0
67.0
88.0
81.0
68.0
85.0
104.0
89.0
57.0
49.0
64.0
55.0
33.0
34.0
67.0
85.0
72.0
61.0
72.0
80.0
57.0
25.0
23.0
44.0
53.0
44.0
48.0
66.0
71.0
43.0
25.0
51.0
70.0
48.0
28.0
51.0
81.0
73.0
43.0
27.0
44.0
57.0
38.0
27.0
54.0
69.0
54.0
41.0
59.0
82.0
58.0
26.0
34.0
67.0
69.0
48.0
49.0
69.0
68.0
49.0
52.0
81.0
93.0
74.0
60.0
75.0
105.0
97.0
66.0
56.0
80.0
82.0
57.0
49.0
70.0
82.0
56.0
35.0
41.0
60.0
58.0
41.0
43.0
66.0
67.0
51.0
54.0
77.0
77.0
55.0
51.0
74.0
88.0
71.0
42.0
37.0
50.0
40.0
20.0
27.0
57.0
65.0
41.0
34.0
56.0
64.0
38.0
29.0
51.0
60.0
40.0
26.0
50.0
77.0
60.0
25.0
19.0
41.0
42.0
19.0
12.0
50.0
71.0
42.0
17.0
26.0
55.0
53.0
28.0
33.0
60.0
65.0
51.0
48.0
69.0
80.0
59.0
45.0
51.0
67.0
60.0
49.0
49.0
66.0
61.0
39.0
36.0
61.0
81.0
64.0
43.0
52.0
53.0
24.0
10.0
40.0
74.0
61.0
29.0
27.0
53.0
54.0
28.0
16.0
36.0
44.0
22.0
10.0
32.0
43.0
35.0
12.0
6.0
28.0
33.0
17.0
27.0
68.0
66.0
29.0
23.0
56.0
76.0
59.0
40.0
49.0
67.0
65.0
55.0
68.0
99.0
103.0
76.0
64.0
82.0
104.0
105.0
102.0
118.0
-123.0
113.0
86.0
92.0
119.0
109.0
80.0
75.0
99.0
101.0
60.0
22.0
35.0
57.0
51.0
37.0
50.0
80.0
68.0
40.0
41.0
58.0
50.0
7.0
-257.0
33.0
49.0
33.0
23.0
38.0
50.0
32.0
3.0
7.0
40.0
49.0
22.0
12.0
49.0
65.0
39.0
21.0
29.0
41.0
24.0
9.0
34.0
57.0
53.0
32.0
32.0
65.0
80.0
65.0
50.0
53.0
67.0
61.0
40.0
39.0
58.0
61.0
58.0
57.0
64.0
53.0
36.0
29.0
53.0
67.0
48.0
36.0
51.0
57.0
33.0
6.0
16.0
48.0
43.0
21.0
23.0
42.0
39.0
19.0
16.0
39.0
55.0
33.0
25.0
53.0
70.0
53.0
27.0
33.0
59.0
59.0
43.0
45.0
68.0
59.0
25.0
21.0
44.0
48.0
33.0
41.0
80.0
107.0
88.0
55.0
58.0
84.0
72.0
39.0
28.0
49.0
58.0
44.0
37.0
56.0
71.0
59.0
51.0
57.0
69.0
52.0
21.0
23.0
53.0
53.0
38.0
39.0
53.0
60.0
49.0
36.0
53.0
85.0
77.0
51.0
45.0
64.0
66.0
52.0
52.0
57.0
48.0
29.0
33.0
58.0
75.0
67.0
65.0
88.0
112.0
93.0
65.0
66.0
98.0
109.0
84.0
64.0
81.0
96.0
76.0
64.0
75.0
93.0
85.0
66.0
70.0
91.0
82.0
52.0
49.0
77.0
76.0
58.0
53.0
60.0
67.0
45.0
35.0
55.0
82.0
75.0
64.0
70.0
89.0
80.0
49.0
41.0
59.0
68.0
44.0
33.0
52.0
76.0
80.0
65.0
57.0
72.0
70.0
50.0
49.0
73.0
87.0
71.0
48.0
41.0
49.0
28.0
6.0
25.0
59.0
54.0
21.0
17.0
45.0
60.0
49.0
40.0
64.0
72.0
51.0
26.0
43.0
75.0
67.0
36.0
27.0
55.0
70.0
67.0
74.0
97.0
85.0
54.0
38.0
49.0
51.0
35.0
24.0
45.0
77.0
69.0
50.0
61.0
96.0
104.0
67.0
38.0
53.0
65.0
39.0
32.0
64.0
87.0
59.0
25.0
40.0
88.0
97.0
60.0
50.0
69.0
66.0
41.0
32.0
54.0
81.0
71.0
42.0
49.0
73.0
67.0
38.0
34.0
74.0
97.0
72.0
56.0
67.0
59.0
38.0
36.0
55.0
82.0
67.0
33.0
41.0
82.0
81.0
53.0
50.0
73.0
75.0
41.0
19.0
28.0
42.0
34.0
22.0
28.0
56.0
57.0
36.0
37.0
69.0
84.0
73.0
73.0
96.0
98.0
69.0
49.0
56.0
72.0
57.0
27.0
26.0
39.0
29.0
2.0
-258.0
33.0
43.0
24.0
24.0
50.0
60.0
38.0
21.0
38.0
57.0
41.0
21.0
28.0
50.0
42.0
21.0
24.0
51.0
49.0
19.0
8.0
26.0
36.0
17.0
4.0
24.0
64.0
72.0
55.0
36.0
48.0
53.0
34.0
26.0
49.0
53.0
25.0
23.0
49.0
81.0
80.0
58.0
64.0
89.0
83.0
41.0
24.0
50.0
60.0
36.0
13.0
27.0
48.0
39.0
22.0
26.0
42.0
21.0
-279.0
-297.0
-262.0
18.0
4.0
1.0
35.0
64.0
58.0
52.0
68.0
98.0
85.0
52.0
58.0
86.0
84.0
58.0
52.0
87.0
109.0
96.0
80.0
97.0
121.0
116.0
99.0
108.0
-125.0
117.0
81.0
59.0
61.0
56.0
40.0
48.0
83.0
97.0
54.0
9.0
19.0
55.0
60.0
42.0
37.0
43.0
36.0
21.0
23.0
48.0
60.0
48.0
41.0
66.0
83.0
58.0
29.0
27.0
42.0
41.0
27.0
40.0
73.0
73.0
48.0
39.0
55.0
68.0
43.0
24.0
33.0
42.0
33.0
11.0
12.0
35.0
41.0
27.0
23.0
45.0
69.0
53.0
42.0
76.0
103.0
75.0
38.0
41.0
68.0
66.0
43.0
28.0
39.0
53.0
55.0
60.0
66.0
60.0
50.0
35.0
51.0
73.0
54.0
24.0
28.0
60.0
60.0
33.0
27.0
57.0
72.0
44.0
24.0
49.0
81.0
68.0
40.0
52.0
84.0
91.0
75.0
66.0
76.0
68.0
32.0
16.0
38.0
58.0
37.0
9.0
12.0
40.0
39.0
17.0
13.0
39.0
33.0
1.0
-261.0
18.0
33.0
11.0
-273.0
-277.0
-262.0
-262.0
-262.0
10.0
37.0
32.0
5.0
10.0
39.0
42.0
18.0
17.0
48.0
68.0
49.0
33.0
44.0
71.0
57.0
34.0
44.0
82.0
86.0
68.0
60.0
74.0
84.0
73.0
71.0
91.0
103.0
76.0
50.0
66.0
104.0
100.0
65.0
55.0
87.0
98.0
60.0
32.0
44.0
66.0
54.0
35.0
40.0
55.0
54.0
51.0
58.0
68.0
48.0
17.0
16.0
50.0
74.0
50.0
26.0
43.0
55.0
24.0
-263.0
5.0
57.0
69.0
43.0
40.0
70.0
86.0
71.0
51.0
60.0
82.0
72.0
57.0
65.0
86.0
81.0
59.0
66.0
89.0
90.0
74.0
69.0
86.0
91.0
68.0
54.0
68.0
75.0
56.0
35.0
43.0
77.0
81.0
53.0
50.0
82.0
97.0
69.0
66.0
100.0
-119.0
125.0
80.0
69.0
112.0
-125.0
123.0
124.0
-128.0
-121.0
-107.0
-83.0
-68.0
-58.0
-48.0
-43.0
-22.0
256.0
-7.0
-6.0
292.0
356.0
364.0
316.0
290.0
300.0
298.0
276.0
258.0
260.0
-7.0
-43.0
-68.0
-45.0
-25.0
-57.0
-104.0
-123.0
-121.0
118.0
90.0
81.0
87.0
81.0
48.0
22.0
36.0
50.0
18.0
-283.0
-305.0
-308.0
-327.0
-355.0
-360.0
-344.0
-361.0
-161.0
-189.0
-172.0
-154.0
-166.0
-167.0
-135.0
-358.0
-364.0
-131.0
-376.0
-344.0
-346.0
-376.0
-134.0
-366.0
-357.0
-375.0
-381.0
-361.0
-344.0
-358.0
-129.0
-379.0
-349.0
-339.0
-348.0
-341.0
-310.0
-305.0
-332.0
-341.0
-312.0
-297.0
-321.0
-333.0
-312.0
-281.0
-284.0
-310.0
-309.0
-282.0
-282.0
-300.0
-294.0
-265.0
-264.0
-294.0
-306.0
-275.0
17.0
11.0
-267.0
-267.0
8.0
3.0
-263.0
9.0
34.0
22.0
-266.0
-281.0
-261.0
20.0
16.0
0.0
13.0
49.0
56.0
48.0
56.0
87.0
89.0
59.0
50.0
81.0
104.0
93.0
81.0
83.0
87.0
64.0
43.0
54.0
71.0
49.0
25.0
37.0
67.0
66.0
36.0
25.0
39.0
44.0
25.0
23.0
50.0
80.0
69.0
45.0
55.0
75.0
59.0
23.0
2.0
11.0
34.0
48.0
56.0
68.0
84.0
81.0
67.0
73.0
98.0
98.0
90.0
104.0
-127.0
122.0
88.0
72.0
97.0
121.0
115.0
99.0
108.0
122.0
114.0
101.0
101.0
109.0
92.0
73.0
87.0
121.0
-128.0
96.0
74.0
91.0
112.0
97.0
67.0
73.0
105.0
102.0
82.0
80.0
99.0
97.0
64.0
43.0
59.0
76.0
56.0
37.0
53.0
74.0
73.0
64.0
81.0
113.0
104.0
68.0
66.0
105.0
123.0
105.0
91.0
98.0
102.0
83.0
60.0
81.0
103.0
77.0
33.0
24.0
64.0
87.0
82.0
71.0
83.0
93.0
83.0
68.0
82.0
102.0
84.0
54.0
52.0
64.0
52.0
19.0
6.0
26.0
40.0
13.0
-266.0
1.0
16.0
2.0
-267.0
8.0
41.0
44.0
28.0
36.0
66.0
71.0
56.0
53.0
74.0
96.0
81.0
51.0
54.0
83.0
84.0
68.0
76.0
101.0
92.0
68.0
69.0
97.0
108.0
81.0
50.0
58.0
72.0
55.0
40.0
56.0
81.0
74.0
50.0
43.0
60.0
54.0
23.0
5.0
21.0
38.0
32.0
23.0
39.0
60.0
50.0
23.0
21.0
40.0
50.0
35.0
21.0
38.0
45.0
26.0
21.0
40.0
64.0
76.0
75.0
83.0
88.0
73.0
51.0
45.0
61.0
57.0
29.0
32.0
68.0
81.0
50.0
29.0
39.0
45.0
36.0
20.0
28.0
43.0
22.0
-265.0
-263.0
24.0
34.0
12.0
7.0
38.0
64.0
42.0
17.0
28.0
49.0
34.0
10.0
20.0
54.0
66.0
49.0
48.0
68.0
66.0
37.0
16.0
34.0
59.0
55.0
40.0
51.0
67.0
55.0
33.0
25.0
39.0
40.0
18.0
9.0
42.0
69.0
50.0
23.0
38.0
69.0
61.0
40.0
38.0
59.0
68.0
49.0
37.0
61.0
82.0
66.0
52.0
76.0
112.0
105.0
77.0
73.0
89.0
91.0
74.0
61.0
75.0
77.0
60.0
57.0
82.0
97.0
77.0
55.0
58.0
75.0
74.0
57.0
56.0
72.0
71.0
53.0
33.0
40.0
57.0
51.0
40.0
56.0
71.0
56.0
44.0
65.0
97.0
99.0
75.0
70.0
89.0
92.0
66.0
43.0
57.0
77.0
61.0
40.0
48.0
60.0
57.0
49.0
56.0
73.0
59.0
38.0
32.0
38.0
40.0
22.0
5.0
18.0
33.0
19.0
2.0
9.0
29.0
27.0
19.0
24.0
40.0
41.0
17.0
-261.0
-257.0
9.0
0.0
1.0
34.0
56.0
36.0
2.0
1.0
36.0
45.0
12.0
-258.0
25.0
54.0
52.0
35.0
40.0
50.0
48.0
49.0
58.0
85.0
83.0
56.0
50.0
70.0
82.0
73.0
66.0
81.0
93.0
73.0
44.0
54.0
87.0
82.0
49.0
41.0
65.0
70.0
54.0
50.0
64.0
54.0
22.0
8.0
39.0
74.0
71.0
52.0
52.0
71.0
69.0
36.0
18.0
35.0
49.0
40.0
37.0
55.0
65.0
51.0
42.0
67.0
91.0
76.0
58.0
67.0
101.0
107.0
86.0
77.0
90.0
99.0
92.0
88.0
104.0
117.0
92.0
60.0
59.0
74.0
64.0
43.0
53.0
75.0
71.0
48.0
43.0
74.0
105.0
80.0
51.0
68.0
91.0
77.0
49.0
39.0
65.0
68.0
35.0
20.0
44.0
72.0
60.0
43.0
48.0
56.0
35.0
8.0
19.0
35.0
21.0
7.0
20.0
42.0
53.0
48.0
43.0
67.0
75.0
55.0
45.0
61.0
84.0
81.0
69.0
73.0
97.0
88.0
67.0
65.0
98.0
109.0
77.0
53.0
72.0
93.0
76.0
44.0
44.0
65.0
54.0
34.0
37.0
65.0
64.0
28.0
20.0
44.0
69.0
58.0
43.0
65.0
87.0
71.0
48.0
56.0
88.0
84.0
43.0
25.0
53.0
67.0
52.0
36.0
53.0
82.0
80.0
53.0
49.0
57.0
51.0
40.0
44.0
65.0
54.0
24.0
12.0
25.0
33.0
17.0
4.0
25.0
59.0
66.0
56.0
64.0
83.0
73.0
39.0
21.0
48.0
67.0
42.0
24.0
33.0
44.0
32.0
9.0
19.0
43.0
45.0
36.0
51.0
88.0
91.0
64.0
45.0
49.0
52.0
41.0
40.0
61.0
85.0
67.0
42.0
53.0
87.0
87.0
53.0
42.0
73.0
92.0
69.0
42.0
58.0
83.0
74.0
56.0
58.0
82.0
72.0
48.0
41.0
65.0
72.0
56.0
48.0
54.0
59.0
35.0
5.0
6.0
28.0
24.0
-257.0
2.0
29.0
35.0
18.0
21.0
45.0
50.0
28.0
24.0
57.0
87.0
69.0
45.0
60.0
93.0
89.0
56.0
34.0
43.0
42.0
12.0
-261.0
7.0
20.0
3.0
-267.0
0.0
32.0
89.0
60.0
40.0
67.0
97.0
76.0
49.0
58.0
88.0
75.0
39.0
24.0
41.0
51.0
36.0
35.0
69.0
88.0
65.0
38.0
42.0
61.0
52.0
23.0
27.0
68.0
73.0
38.0
26.0
44.0
49.0
34.0
21.0
38.0
64.0
55.0
38.0
44.0
70.0
70.0
40.0
22.0
27.0
32.0
13.0
17.0
44.0
64.0
43.0
21.0
37.0
64.0
45.0
28.0
44.0
84.0
93.0
69.0
57.0
80.0
91.0
69.0
49.0
61.0
70.0
48.0
24.0
22.0
42.0
51.0
35.0
32.0
56.0
71.0
68.0
65.0
71.0
72.0
43.0
23.0
32.0
52.0
42.0
27.0
42.0
74.0
76.0
58.0
53.0
68.0
72.0
50.0
34.0
53.0
66.0
44.0
16.0
25.0
61.0
64.0
27.0
9.0
28.0
39.0
21.0
10.0
39.0
66.0
50.0
27.0
40.0
74.0
69.0
38.0
36.0
72.0
80.0
64.0
65.0
84.0
91.0
58.0
19.0
17.0
38.0
41.0
40.0
48.0
55.0
37.0
18.0
36.0
68.0
64.0
33.0
35.0
73.0
74.0
39.0
18.0
33.0
57.0
54.0
42.0
55.0
89.0
88.0
55.0
41.0
69.0
85.0
65.0
50.0
68.0
86.0
72.0
54.0
57.0
81.0
82.0
52.0
39.0
67.0
83.0
54.0
41.0
70.0
87.0
76.0
55.0
44.0
64.0
69.0
68.0
83.0
100.0
87.0
51.0
34.0
55.0
66.0
50.0
49.0
65.0
72.0
56.0
53.0
81.0
107.0
84.0
40.0
18.0
26.0
27.0
11.0
12.0
41.0
65.0
56.0
39.0
48.0
55.0
35.0
23.0
50.0
81.0
69.0
40.0
39.0
69.0
70.0
40.0
24.0
49.0
80.0
67.0
33.0
28.0
52.0
53.0
33.0
26.0
52.0
55.0
26.0
24.0
64.0
87.0
74.0
59.0
85.0
119.0
108.0
80.0
75.0
97.0
85.0
64.0
69.0
104.0
106.0
88.0
71.0
75.0
76.0
51.0
26.0
41.0
69.0
55.0
20.0
7.0
24.0
28.0
16.0
4.0
16.0
20.0
6.0
17.0
54.0
84.0
81.0
57.0
58.0
68.0
64.0
55.0
56.0
71.0
74.0
56.0
41.0
43.0
44.0
21.0
12.0
29.0
52.0
42.0
21.0
34.0
64.0
64.0
39.0
23.0
41.0
59.0
37.0
18.0
50.0
88.0
74.0
33.0
17.0
44.0
55.0
28.0
8.0
26.0
41.0
21.0
-259.0
0.0
17.0
17.0
8.0
12.0
29.0
22.0
9.0
13.0
44.0
56.0
26.0
4.0
25.0
58.0
50.0
26.0
37.0
64.0
64.0
42.0
40.0
58.0
49.0
17.0
17.0
54.0
66.0
39.0
24.0
44.0
64.0
42.0
27.0
44.0
68.0
57.0
36.0
35.0
59.0
76.0
64.0
56.0
76.0
89.0
67.0
40.0
50.0
68.0
42.0
8.0
9.0
40.0
44.0
29.0
22.0
40.0
45.0
20.0
4.0
20.0
27.0
8.0
-258.0
18.0
51.0
38.0
5.0
4.0
28.0
37.0
19.0
9.0
27.0
40.0
20.0
-258.0
4.0
22.0
22.0
18.0
33.0
49.0
36.0
5.0
2.0
34.0
51.0
35.0
24.0
54.0
76.0
55.0
36.0
51.0
83.0
77.0
49.0
37.0
60.0
73.0
51.0
12.0
18.0
39.0
40.0
44.0
67.0
82.0
59.0
48.0
85.0
108.0
89.0
71.0
72.0
109.0
-111.0
-124.0
105.0
118.0
-112.0
-118.0
-126.0
-102.0
-68.0
-43.0
-47.0
-48.0
-4.0
295.0
306.0
315.0
362.0
146.0
167.0
186.0
213.0
241.0
226.0
199.0
200.0
213.0
188.0
151.0
146.0
156.0
130.0
342.0
328.0
352.0
354.0
307.0
279.0
290.0
293.0
-4.0
-61.0
-76.0
-44.0
-27.0
-48.0
-76.0
-80.0
-78.0
-104.0
-126.0
-115.0
-107.0
113.0
82.0
81.0
90.0
76.0
39.0
21.0
36.0
35.0
6.0
-267.0
1.0
6.0
-276.0
-295.0
-283.0
-266.0
-280.0
-301.0
-296.0
-269.0
-277.0
-312.0
-325.0
-306.0
-306.0
-341.0
-374.0
-381.0
-130.0
-147.0
-158.0
-145.0
-138.0
-182.0
-238.0
-252.0
-225.0
-211.0
-243.0
-539.0
-548.0
-541.0
-556.0
-567.0
-547.0
-523.0
-537.0
-557.0
-557.0
-534.0
-522.0
-534.0
-534.0
-516.0
-251.0
-518.0
-517.0
-235.0
-222.0
-245.0
-518.0
-245.0
-212.0
-216.0
-250.0
-247.0
-203.0
-177.0
-185.0
-196.0
-179.0
-147.0
-140.0
-147.0
-132.0
-372.0
-129.0
-148.0
-140.0
-365.0
-357.0
-375.0
-373.0
-337.0
-322.0
-341.0
-354.0
-343.0
-329.0
-331.0
-338.0
-318.0
-281.0
-274.0
-281.0
-266.0
20.0
22.0
-264.0
-278.0
12.0
54.0
55.0
36.0
38.0
50.0
43.0
39.0
51.0
70.0
57.0
25.0
22.0
50.0
65.0
52.0
51.0
82.0
98.0
70.0
56.0
71.0
97.0
97.0
74.0
64.0
81.0
96.0
75.0
51.0
58.0
72.0
61.0
54.0
74.0
103.0
101.0
86.0
97.0
125.0
123.0
100.0
99.0
-122.0
-96.0
-121.0
116.0
-123.0
-99.0
-110.0
-127.0
-119.0
-90.0
-93.0
-117.0
-115.0
-87.0
-76.0
-93.0
-105.0
-90.0
-86.0
-118.0
114.0
119.0
-122.0
-120.0
-119.0
-108.0
-100.0
-110.0
117.0
104.0
122.0
-123.0
112.0
91.0
102.0
118.0
106.0
93.0
93.0
101.0
85.0
74.0
96.0
124.0
123.0
96.0
75.0
91.0
104.0
84.0
65.0
70.0
88.0
86.0
73.0
81.0
113.0
124.0
106.0
96.0
118.0
-120.0
121.0
113.0
-117.0
-93.0
-112.0
119.0
123.0
-110.0
-128.0
97.0
90.0
100.0
96.0
74.0
64.0
77.0
74.0
39.0
23.0
55.0
84.0
65.0
36.0
43.0
70.0
59.0
33.0
27.0
56.0
70.0
66.0
59.0
82.0
112.0
102.0
86.0
100.0
122.0
106.0
72.0
68.0
93.0
99.0
72.0
58.0
82.0
113.0
114.0
103.0
108.0
108.0
77.0
55.0
67.0
93.0
88.0
50.0
32.0
54.0
72.0
50.0
21.0
35.0
65.0
57.0
45.0
55.0
57.0
32.0
5.0
9.0
37.0
45.0
28.0
13.0
32.0
45.0
41.0
40.0
53.0
65.0
58.0
38.0
39.0
57.0
55.0
28.0
22.0
52.0
77.0
69.0
58.0
71.0
86.0
76.0
64.0
75.0
100.0
88.0
56.0
49.0
70.0
74.0
59.0
58.0
74.0
82.0
60.0
51.0
69.0
89.0
83.0
53.0
37.0
58.0
72.0
67.0
66.0
80.0
75.0
53.0
50.0
77.0
99.0
73.0
41.0
39.0
67.0
73.0
57.0
54.0
70.0
65.0
37.0
37.0
72.0
86.0
65.0
44.0
61.0
86.0
68.0
34.0
37.0
77.0
96.0
82.0
81.0
105.0
122.0
105.0
88.0
97.0
102.0
83.0
70.0
90.0
122.0
122.0
91.0
75.0
85.0
82.0
69.0
65.0
72.0
70.0
51.0
43.0
68.0
81.0
60.0
38.0
44.0
81.0
91.0
67.0
57.0
74.0
73.0
39.0
33.0
65.0
75.0
49.0
26.0
48.0
81.0
74.0
51.0
51.0
80.0
86.0
60.0
50.0
76.0
106.0
100.0
76.0
73.0
73.0
58.0
40.0
37.0
59.0
69.0
52.0
36.0
49.0
54.0
38.0
32.0
45.0
61.0
56.0
50.0
67.0
96.0
98.0
73.0
71.0
96.0
101.0
83.0
65.0
69.0
81.0
68.0
49.0
65.0
91.0
85.0
54.0
50.0
72.0
75.0
52.0
38.0
49.0
45.0
25.0
16.0
29.0
43.0
25.0
7.0
18.0
37.0
26.0
3.0
11.0
43.0
43.0
19.0
19.0
52.0
81.0
68.0
45.0
52.0
65.0
50.0
38.0
54.0
75.0
73.0
56.0
55.0
80.0
81.0
54.0
45.0
67.0
87.0
74.0
49.0
50.0
70.0
64.0
37.0
27.0
42.0
38.0
12.0
0.0
17.0
26.0
7.0
-267.0
0.0
18.0
-259.0
-278.0
-258.0
33.0
35.0
16.0
10.0
35.0
53.0
26.0
4.0
26.0
64.0
60.0
40.0
43.0
73.0
71.0
50.0
43.0
68.0
81.0
60.0
43.0
65.0
74.0
41.0
24.0
43.0
71.0
71.0
64.0
69.0
82.0
61.0
25.0
17.0
40.0
56.0
49.0
42.0
57.0
56.0
24.0
1.0
12.0
37.0
29.0
7.0
8.0
32.0
38.0
20.0
20.0
41.0
48.0
28.0
25.0
44.0
69.0
56.0
33.0
33.0
54.0
51.0
37.0
54.0
92.0
102.0
69.0
41.0
50.0
71.0
64.0
44.0
65.0
93.0
100.0
97.0
92.0
89.0
66.0
37.0
25.0
41.0
50.0
23.0
-257.0
6.0
23.0
5.0
-273.0
-260.0
28.0
33.0
10.0
7.0
39.0
67.0
53.0
32.0
41.0
61.0
55.0
43.0
49.0
60.0
56.0
40.0
40.0
64.0
68.0
48.0
38.0
61.0
80.0
60.0
43.0
66.0
85.0
71.0
41.0
27.0
37.0
35.0
25.0
34.0
55.0
58.0
44.0
40.0
55.0
60.0
33.0
2.0
17.0
55.0
53.0
22.0
16.0
43.0
60.0
45.0
35.0
44.0
39.0
8.0
-259.0
23.0
54.0
50.0
44.0
69.0
89.0
67.0
35.0
44.0
76.0
81.0
48.0
25.0
48.0
69.0
52.0
35.0
50.0
68.0
51.0
18.0
20.0
59.0
73.0
55.0
43.0
59.0
61.0
44.0
43.0
72.0
96.0
71.0
41.0
43.0
64.0
61.0
42.0
37.0
53.0
55.0
38.0
35.0
60.0
81.0
61.0
50.0
71.0
102.0
100.0
67.0
56.0
75.0
76.0
53.0
39.0
58.0
74.0
55.0
33.0
44.0
72.0
64.0
39.0
37.0
49.0
35.0
4.0
-259.0
25.0
41.0
21.0
10.0
44.0
77.0
64.0
44.0
55.0
77.0
72.0
48.0
39.0
60.0
66.0
51.0
53.0
80.0
91.0
68.0
43.0
57.0
77.0
57.0
32.0
28.0
54.0
59.0
48.0
60.0
86.0
81.0
53.0
39.0
53.0
51.0
26.0
20.0
43.0
66.0
41.0
6.0
17.0
58.0
70.0
48.0
36.0
55.0
70.0
49.0
24.0
43.0
69.0
56.0
35.0
54.0
96.0
91.0
52.0
41.0
70.0
75.0
54.0
48.0
69.0
96.0
80.0
45.0
40.0
53.0
48.0
33.0
36.0
57.0
57.0
36.0
22.0
34.0
43.0
35.0
22.0
39.0
54.0
21.0
-260.0
12.0
49.0
42.0
16.0
9.0
26.0
28.0
13.0
9.0
28.0
38.0
10.0
-263.0
19.0
57.0
56.0
28.0
23.0
49.0
68.0
59.0
55.0
71.0
91.0
86.0
73.0
80.0
86.0
80.0
70.0
67.0
86.0
91.0
72.0
75.0
96.0
90.0
65.0
50.0
68.0
84.0
60.0
40.0
54.0
80.0
71.0
56.0
64.0
74.0
54.0
19.0
8.0
38.0
68.0
64.0
45.0
49.0
68.0
72.0
65.0
67.0
82.0
77.0
59.0
59.0
87.0
96.0
74.0
71.0
99.0
112.0
92.0
77.0
82.0
87.0
66.0
34.0
34.0
69.0
86.0
80.0
71.0
75.0
74.0
55.0
41.0
52.0
69.0
51.0
19.0
17.0
39.0
40.0
26.0
29.0
56.0
65.0
38.0
27.0
53.0
64.0
29.0
8.0
27.0
55.0
41.0
12.0
19.0
59.0
65.0
26.0
6.0
18.0
22.0
8.0
5.0
23.0
51.0
44.0
24.0
33.0
67.0
76.0
58.0
54.0
75.0
77.0
54.0
53.0
89.0
115.0
93.0
65.0
67.0
88.0
89.0
67.0
52.0
64.0
75.0
72.0
75.0
91.0
81.0
41.0
35.0
64.0
84.0
67.0
51.0
60.0
68.0
57.0
44.0
42.0
53.0
50.0
22.0
11.0
48.0
75.0
60.0
40.0
44.0
59.0
50.0
34.0
28.0
56.0
75.0
69.0
61.0
68.0
74.0
60.0
52.0
70.0
102.0
93.0
77.0
84.0
100.0
87.0
51.0
41.0
66.0
75.0
55.0
42.0
56.0
64.0
44.0
34.0
57.0
80.0
64.0
38.0
33.0
55.0
59.0
39.0
43.0
74.0
76.0
56.0
49.0
60.0
68.0
44.0
35.0
55.0
91.0
101.0
81.0
55.0
56.0
70.0
65.0
54.0
57.0
59.0
40.0
26.0
43.0
80.0
81.0
56.0
43.0
53.0
57.0
42.0
36.0
51.0
56.0
39.0
35.0
64.0
90.0
74.0
49.0
52.0
69.0
51.0
8.0
6.0
44.0
53.0
25.0
18.0
50.0
66.0
40.0
22.0
29.0
55.0
55.0
34.0
37.0
64.0
64.0
41.0
37.0
52.0
60.0
51.0
48.0
73.0
97.0
81.0
56.0
60.0
80.0
69.0
34.0
16.0
37.0
52.0
39.0
35.0
54.0
60.0
33.0
7.0
18.0
43.0
42.0
38.0
44.0
60.0
54.0
34.0
34.0
67.0
81.0
56.0
35.0
50.0
61.0
43.0
17.0
12.0
33.0
35.0
21.0
33.0
58.0
54.0
21.0
5.0
26.0
50.0
33.0
7.0
19.0
40.0
33.0
11.0
9.0
32.0
43.0
37.0
28.0
41.0
50.0
25.0
10.0
28.0
52.0
49.0
36.0
42.0
64.0
53.0
26.0
23.0
42.0
44.0
23.0
16.0
39.0
69.0
69.0
58.0
72.0
96.0
88.0
75.0
89.0
106.0
88.0
60.0
45.0
45.0
36.0
11.0
16.0
53.0
97.0
112.0
87.0
57.0
68.0
101.0
118.0
124.0
-85.0
-75.0
-122.0
107.0
-119.0
-87.0
-84.0
-63.0
-21.0
273.0
278.0
292.0
344.0
152.0
164.0
379.0
355.0
368.0
365.0
324.0
295.0
314.0
328.0
298.0
-9.0
-30.0
-15.0
-7.0
-20.0
-37.0
-40.0
-57.0
-94.0
-119.0
-119.0
117.0
54.0
8.0
11.0
20.0
-266.0
-323.0
-360.0
-371.0
-373.0
-129.0
-134.0
-139.0
-172.0
-212.0
-212.0
-173.0
-156.0
-188.0
-227.0
-233.0
-217.0
-202.0
-183.0
-162.0
-139.0
-139.0
-156.0
-153.0
-140.0
-148.0
-173.0
-189.0
-166.0
-131.0
-129.0
-148.0
-147.0
-375.0
-375.0
-141.0
-149.0
-132.0
-375.0
-381.0
-134.0
-371.0
-340.0
-338.0
-342.0
-330.0
-325.0
-349.0
-374.0
-358.0
-317.0
-311.0
-347.0
-362.0
-323.0
-291.0
-305.0
-308.0
-274.0
19.0
7.0
-278.0
-278.0
-259.0
-264.0
-283.0
-277.0
4.0
7.0
-266.0
-261.0
26.0
42.0
17.0
0.0
24.0
66.0
73.0
55.0
50.0
61.0
60.0
42.0
38.0
50.0
53.0
42.0
44.0
71.0
91.0
73.0
51.0
53.0
76.0
81.0
64.0
65.0
80.0
75.0
58.0
56.0
74.0
82.0
59.0
38.0
49.0
80.0
80.0
68.0
81.0
101.0
97.0
68.0
56.0
76.0
99.0
93.0
87.0
102.0
-128.0
123.0
104.0
96.0
107.0
104.0
85.0
75.0
96.0
117.0
113.0
99.0
116.0
-117.0
-126.0
97.0
92.0
120.0
124.0
100.0
87.0
104.0
116.0
93.0
72.0
85.0
107.0
103.0
89.0
97.0
106.0
87.0
65.0
70.0
96.0
89.0
71.0
69.0
81.0
83.0
58.0
41.0
58.0
84.0
85.0
60.0
68.0
104.0
103.0
64.0
44.0
67.0
77.0
58.0
41.0
51.0
57.0
44.0
40.0
52.0
73.0
72.0
61.0
73.0
89.0
82.0
66.0
60.0
80.0
86.0
71.0
60.0
82.0
100.0
81.0
50.0
51.0
72.0
72.0
67.0
75.0
91.0
85.0
48.0
32.0
69.0
105.0
100.0
81.0
81.0
91.0
80.0
54.0
55.0
72.0
72.0
55.0
55.0
80.0
86.0
66.0
57.0
83.0
104.0
81.0
50.0
55.0
82.0
87.0
80.0
67.0
69.0
67.0
53.0
49.0
64.0
73.0
64.0
49.0
58.0
83.0
68.0
34.0
35.0
71.0
76.0
50.0
38.0
66.0
76.0
58.0
39.0
55.0
81.0
59.0
34.0
39.0
69.0
69.0
33.0
19.0
42.0
51.0
27.0
21.0
49.0
69.0
60.0
44.0
58.0
84.0
80.0
57.0
53.0
61.0
61.0
45.0
41.0
65.0
73.0
60.0
49.0
58.0
72.0
55.0
38.0
53.0
75.0
59.0
34.0
39.0
58.0
52.0
37.0
40.0
65.0
75.0
57.0
41.0
64.0
86.0
58.0
22.0
22.0
42.0
34.0
5.0
-260.0
7.0
8.0
-263.0
-268.0
8.0
39.0
48.0
39.0
43.0
65.0
64.0
54.0
68.0
100.0
103.0
69.0
50.0
74.0
88.0
74.0
65.0
72.0
81.0
56.0
25.0
22.0
49.0
57.0
54.0
56.0
74.0
71.0
36.0
19.0
35.0
49.0
43.0
39.0
55.0
74.0
64.0
27.0
24.0
50.0
57.0
49.0
38.0
36.0
37.0
19.0
5.0
24.0
55.0
55.0
41.0
43.0
57.0
48.0
21.0
16.0
43.0
61.0
52.0
39.0
52.0
73.0
64.0
50.0
66.0
99.0
103.0
71.0
51.0
65.0
68.0
42.0
28.0
43.0
56.0
48.0
26.0
26.0
38.0
22.0
3.0
18.0
54.0
60.0
48.0
43.0
55.0
41.0
9.0
-258.0
10.0
27.0
17.0
2.0
20.0
52.0
49.0
26.0
28.0
57.0
72.0
50.0
40.0
69.0
93.0
86.0
70.0
82.0
115.0
122.0
105.0
87.0
87.0
85.0
75.0
67.0
81.0
86.0
76.0
81.0
93.0
96.0
70.0
57.0
67.0
74.0
52.0
28.0
40.0
73.0
71.0
32.0
4.0
20.0
39.0
29.0
20.0
33.0
50.0
40.0
23.0
19.0
34.0
45.0
45.0
61.0
102.0
109.0
68.0
44.0
73.0
99.0
86.0
64.0
64.0
86.0
93.0
86.0
87.0
115.0
119.0
98.0
88.0
116.0
125.0
96.0
72.0
83.0
92.0
65.0
33.0
48.0
88.0
104.0
91.0
73.0
72.0
64.0
35.0
27.0
53.0
69.0
43.0
12.0
11.0
34.0
41.0
33.0
39.0
72.0
71.0
50.0
53.0
74.0
83.0
64.0
38.0
43.0
67.0
66.0
56.0
71.0
91.0
85.0
64.0
56.0
73.0
81.0
59.0
52.0
73.0
97.0
97.0
91.0
108.0
119.0
89.0
58.0
66.0
104.0
115.0
90.0
70.0
73.0
74.0
51.0
29.0
32.0
36.0
17.0
-257.0
8.0
27.0
21.0
4.0
7.0
42.0
65.0
50.0
42.0
65.0
86.0
82.0
68.0
69.0
77.0
73.0
58.0
66.0
97.0
104.0
86.0
77.0
89.0
89.0
66.0
48.0
51.0
66.0
56.0
42.0
51.0
76.0
77.0
55.0
44.0
50.0
41.0
18.0
5.0
12.0
18.0
-263.0
-282.0
-257.0
32.0
24.0
-257.0
2.0
34.0
48.0
37.0
21.0
38.0
67.0
58.0
39.0
43.0
56.0
42.0
27.0
29.0
55.0
66.0
59.0
74.0
112.0
121.0
101.0
90.0
107.0
-123.0
119.0
84.0
75.0
84.0
76.0
60.0
69.0
89.0
76.0
43.0
26.0
34.0
36.0
17.0
1.0
25.0
67.0
66.0
38.0
33.0
59.0
61.0
32.0
7.0
19.0
25.0
13.0
10.0
24.0
28.0
12.0
-257.0
10.0
36.0
27.0
2.0
2.0
33.0
40.0
21.0
18.0
49.0
64.0
33.0
7.0
25.0
56.0
51.0
29.0
33.0
58.0
67.0
54.0
54.0
82.0
100.0
90.0
80.0
89.0
100.0
80.0
48.0
45.0
67.0
66.0
40.0
40.0
73.0
83.0
56.0
42.0
61.0
74.0
55.0
44.0
69.0
90.0
74.0
45.0
45.0
60.0
49.0
17.0
16.0
40.0
42.0
17.0
-259.0
-260.0
2.0
-262.0
-269.0
1.0
36.0
43.0
33.0
35.0
57.0
69.0
55.0
48.0
66.0
80.0
61.0
50.0
70.0
87.0
72.0
49.0
50.0
80.0
74.0
49.0
49.0
74.0
81.0
51.0
33.0
44.0
59.0
51.0
42.0
56.0
71.0
64.0
45.0
58.0
96.0
106.0
81.0
58.0
71.0
80.0
60.0
44.0
61.0
82.0
55.0
20.0
21.0
51.0
43.0
10.0
7.0
39.0
51.0
19.0
2.0
24.0
42.0
35.0
27.0
50.0
75.0
67.0
37.0
33.0
44.0
38.0
5.0
-261.0
21.0
42.0
24.0
7.0
26.0
49.0
43.0
32.0
35.0
51.0
42.0
16.0
17.0
45.0
48.0
23.0
22.0
53.0
72.0
50.0
24.0
34.0
65.0
57.0
28.0
26.0
42.0
38.0
20.0
19.0
43.0
55.0
35.0
12.0
18.0
37.0
36.0
25.0
28.0
40.0
24.0
8.0
28.0
69.0
81.0
54.0
37.0
61.0
89.0
85.0
68.0
67.0
83.0
67.0
40.0
44.0
59.0
54.0
36.0
34.0
65.0
82.0
59.0
41.0
55.0
77.0
74.0
58.0
67.0
90.0
88.0
66.0
61.0
87.0
90.0
69.0
64.0
80.0
85.0
56.0
22.0
21.0
49.0
49.0
26.0
22.0
38.0
45.0
34.0
28.0
45.0
50.0
34.0
27.0
50.0
70.0
55.0
26.0
25.0
48.0
53.0
40.0
40.0
72.0
85.0
72.0
82.0
116.0
-112.0
-126.0
25.0
36.0
72.0
82.0
60.0
44.0
60.0
75.0
60.0
39.0
48.0
66.0
56.0
58.0
67.0
70.0
54.0
27.0
25.0
49.0
49.0
22.0
17.0
51.0
81.0
55.0
37.0
50.0
65.0
54.0
29.0
37.0
69.0
73.0
51.0
39.0
54.0
58.0
36.0
22.0
41.0
55.0
44.0
40.0
53.0
69.0
45.0
12.0
20.0
50.0
49.0
26.0
25.0
52.0
59.0
33.0
5.0
18.0
44.0
40.0
17.0
10.0
23.0
13.0
-265.0
-268.0
12.0
28.0
12.0
6.0
35.0
57.0
45.0
37.0
52.0
64.0
43.0
18.0
22.0
54.0
59.0
49.0
52.0
82.0
105.0
86.0
67.0
88.0
115.0
98.0
68.0
68.0
85.0
73.0
48.0
57.0
99.0
104.0
66.0
49.0
75.0
99.0
81.0
56.0
58.0
81.0
76.0
58.0
68.0
91.0
77.0
42.0
28.0
49.0
50.0
22.0
13.0
41.0
57.0
26.0
-263.0
4.0
48.0
64.0
43.0
41.0
59.0
61.0
49.0
37.0
52.0
71.0
65.0
50.0
56.0
72.0
45.0
9.0
9.0
36.0
41.0
33.0
33.0
55.0
65.0
39.0
23.0
43.0
68.0
52.0
33.0
43.0
73.0
74.0
55.0
58.0
84.0
76.0
52.0
49.0
69.0
82.0
69.0
57.0
74.0
100.0
85.0
43.0
32.0
53.0
49.0
19.0
7.0
38.0
60.0
38.0
4.0
7.0
40.0
40.0
24.0
33.0
56.0
51.0
32.0
26.0
39.0
49.0
45.0
49.0
68.0
76.0
55.0
36.0
40.0
55.0
42.0
22.0
27.0
56.0
64.0
41.0
26.0
35.0
41.0
25.0
18.0
28.0
43.0
28.0
6.0
22.0
59.0
61.0
32.0
17.0
38.0
37.0
5.0
-265.0
4.0
25.0
24.0
17.0
32.0
60.0
57.0
35.0
36.0
65.0
74.0
52.0
33.0
49.0
50.0
19.0
0.0
21.0
44.0
28.0
8.0
17.0
38.0
40.0
21.0
13.0
32.0
38.0
34.0
27.0
38.0
58.0
57.0
50.0
54.0
67.0
56.0
40.0
55.0
88.0
90.0
64.0
40.0
49.0
64.0
49.0
29.0
48.0
68.0
52.0
23.0
24.0
42.0
25.0
-258.0
8.0
50.0
59.0
35.0
34.0
60.0
72.0
52.0
41.0
65.0
91.0
83.0
58.0
61.0
90.0
98.0
83.0
82.0
102.0
104.0
81.0
59.0
77.0
103.0
88.0
65.0
74.0
104.0
106.0
89.0
83.0
96.0
92.0
66.0
52.0
71.0
90.0
76.0
55.0
66.0
84.0
58.0
6.0
-264.0
21.0
37.0
28.0
28.0
40.0
43.0
27.0
16.0
34.0
58.0
50.0
28.0
37.0
66.0
71.0
59.0
64.0
82.0
92.0
74.0
53.0
60.0
84.0
80.0
59.0
68.0
91.0
74.0
35.0
34.0
73.0
88.0
59.0
40.0
59.0
87.0
84.0
67.0
71.0
84.0
82.0
77.0
80.0
86.0
73.0
56.0
65.0
88.0
82.0
54.0
53.0
85.0
112.0
90.0
56.0
35.0
37.0
56.0
80.0
96.0
114.0
-126.0
117.0
116.0
-108.0
-88.0
-99.0
-122.0
-96.0
-43.0
-56.0
-95.0
-94.0
-43.0
278.0
310.0
328.0
362.0
138.0
155.0
177.0
215.0
236.0
231.0
225.0
220.0
224.0
203.0
161.0
136.0
140.0
380.0
342.0
316.0
314.0
293.0
-8.0
-45.0
-57.0
-70.0
-122.0
80.0
57.0
51.0
18.0
-285.0
-314.0
-311.0
-331.0
-379.0
-158.0
-164.0
-155.0
-173.0
-196.0
-188.0
-162.0
-166.0
-198.0
-218.0
-204.0
-190.0
-200.0
-216.0
-210.0
-203.0
-220.0
-233.0
-210.0
-180.0
-197.0
-227.0
-218.0
-203.0
-233.0
-514.0
-241.0
-199.0
-188.0
-213.0
-219.0
-193.0
-168.0
-182.0
-196.0
-167.0
-376.0
-366.0
-131.0
-129.0
-344.0
-333.0
-355.0
-359.0
-338.0
-325.0
-328.0
-322.0
-300.0
-290.0
-290.0
-289.0
-269.0
7.0
-257.0
-277.0
-275.0
-257.0
-260.0
-274.0
-275.0
1.0
8.0
-273.0
-292.0
-270.0
17.0
8.0
-266.0
-258.0
22.0
18.0
-263.0
-275.0
8.0
37.0
21.0
-262.0
4.0
20.0
3.0
-267.0
-266.0
1.0
-265.0
-280.0
-276.0
2.0
13.0
5.0
0.0
18.0
36.0
25.0
18.0
39.0
75.0
73.0
52.0
49.0
76.0
98.0
85.0
82.0
96.0
90.0
58.0
44.0
68.0
84.0
58.0
23.0
22.0
49.0
53.0
35.0
27.0
42.0
53.0
49.0
50.0
73.0
86.0
59.0
36.0
39.0
59.0
57.0
51.0
69.0
97.0
90.0
68.0
59.0
84.0
93.0
74.0
68.0
92.0
117.0
101.0
71.0
81.0
118.0
-128.0
108.0
106.0
123.0
-128.0
112.0
104.0
123.0
-121.0
113.0
75.0
75.0
96.0
82.0
58.0
56.0
65.0
59.0
58.0
81.0
104.0
102.0
72.0
51.0
67.0
89.0
69.0
38.0
42.0
73.0
75.0
58.0
56.0
67.0
58.0
27.0
9.0
33.0
65.0
50.0
20.0
24.0
38.0
22.0
0.0
2.0
22.0
21.0
4.0
0.0
24.0
39.0
12.0
-259.0
19.0
41.0
38.0
36.0
57.0
82.0
71.0
48.0
52.0
81.0
84.0
66.0
58.0
68.0
82.0
71.0
58.0
74.0
98.0
83.0
51.0
41.0
60.0
59.0
39.0
35.0
71.0
98.0
72.0
54.0
65.0
85.0
85.0
76.0
86.0
104.0
101.0
73.0
67.0
100.0
107.0
84.0
73.0
86.0
97.0
72.0
53.0
64.0
87.0
81.0
59.0
74.0
114.0
121.0
88.0
65.0
74.0
75.0
59.0
59.0
85.0
98.0
71.0
36.0
36.0
65.0
69.0
51.0
49.0
69.0
74.0
56.0
49.0
60.0
66.0
44.0
28.0
44.0
76.0
72.0
52.0
59.0
88.0
92.0
74.0
69.0
86.0
90.0
67.0
49.0
58.0
76.0
64.0
42.0
54.0
76.0
72.0
54.0
69.0
106.0
117.0
87.0
57.0
60.0
73.0
71.0
59.0
68.0
88.0
81.0
52.0
54.0
72.0
65.0
37.0
29.0
44.0
43.0
11.0
-261.0
26.0
75.0
86.0
72.0
75.0
92.0
87.0
69.0
68.0
89.0
91.0
59.0
40.0
52.0
68.0
59.0
53.0
73.0
98.0
88.0
70.0
70.0
83.0
73.0
49.0
58.0
96.0
101.0
68.0
43.0
55.0
66.0
44.0
25.0
39.0
80.0
76.0
44.0
35.0
56.0
65.0
45.0
41.0
67.0
76.0
51.0
23.0
32.0
54.0
52.0
43.0
60.0
82.0
64.0
36.0
43.0
82.0
83.0
36.0
0.0
10.0
41.0
40.0
24.0
35.0
60.0
57.0
34.0
32.0
60.0
57.0
28.0
18.0
39.0
60.0
44.0
24.0
49.0
76.0
59.0
36.0
40.0
68.0
66.0
42.0
40.0
72.0
85.0
41.0
1.0
10.0
32.0
24.0
10.0
10.0
32.0
28.0
9.0
19.0
56.0
61.0
36.0
25.0
49.0
68.0
58.0
43.0
50.0
67.0
48.0
19.0
25.0
54.0
56.0
37.0
34.0
52.0
57.0
39.0
38.0
60.0
76.0
55.0
26.0
36.0
64.0
67.0
50.0
53.0
70.0
57.0
26.0
16.0
40.0
59.0
40.0
26.0
50.0
74.0
55.0
29.0
35.0
59.0
64.0
45.0
58.0
93.0
101.0
72.0
53.0
65.0
83.0
80.0
55.0
56.0
87.0
87.0
52.0
34.0
56.0
72.0
54.0
42.0
61.0
72.0
53.0
42.0
58.0
83.0
83.0
71.0
84.0
116.0
115.0
85.0
81.0
101.0
105.0
82.0
55.0
64.0
76.0
55.0
27.0
24.0
37.0
37.0
23.0
23.0
45.0
54.0
36.0
27.0
53.0
64.0
42.0
34.0
54.0
86.0
89.0
67.0
45.0
55.0
58.0
39.0
32.0
58.0
67.0
39.0
24.0
51.0
76.0
66.0
44.0
52.0
65.0
50.0
32.0
40.0
80.0
85.0
45.0
28.0
52.0
70.0
64.0
53.0
59.0
71.0
52.0
25.0
34.0
58.0
57.0
33.0
27.0
60.0
72.0
39.0
20.0
37.0
54.0
40.0
22.0
22.0
37.0
33.0
18.0
28.0
59.0
54.0
18.0
4.0
32.0
52.0
35.0
7.0
16.0
50.0
57.0
38.0
22.0
26.0
25.0
5.0
4.0
26.0
43.0
32.0
18.0
24.0
35.0
22.0
5.0
20.0
57.0
65.0
43.0
41.0
64.0
64.0
39.0
32.0
49.0
57.0
41.0
35.0
51.0
72.0
67.0
50.0
53.0
71.0
57.0
18.0
0.0
17.0
32.0
28.0
35.0
60.0
73.0
45.0
26.0
39.0
57.0
40.0
18.0
27.0
68.0
77.0
55.0
44.0
69.0
97.0
83.0
52.0
50.0
71.0
69.0
53.0
44.0
51.0
42.0
23.0
18.0
33.0
38.0
29.0
32.0
56.0
75.0
57.0
44.0
57.0
85.0
81.0
51.0
49.0
70.0
60.0
40.0
48.0
82.0
100.0
82.0
53.0
50.0
71.0
73.0
69.0
81.0
107.0
103.0
81.0
69.0
89.0
101.0
73.0
48.0
53.0
75.0
66.0
37.0
45.0
81.0
82.0
50.0
37.0
64.0
76.0
61.0
51.0
60.0
75.0
80.0
81.0
84.0
82.0
55.0
33.0
40.0
70.0
64.0
26.0
9.0
28.0
50.0
43.0
40.0
55.0
77.0
67.0
39.0
48.0
81.0
75.0
44.0
37.0
59.0
58.0
36.0
37.0
66.0
85.0
72.0
53.0
52.0
58.0
50.0
37.0
54.0
97.0
105.0
76.0
59.0
72.0
74.0
57.0
55.0
76.0
89.0
68.0
37.0
33.0
56.0
59.0
44.0
43.0
65.0
73.0
75.0
85.0
105.0
106.0
76.0
57.0
72.0
96.0
83.0
55.0
58.0
93.0
97.0
69.0
58.0
71.0
71.0
55.0
54.0
74.0
90.0
71.0
38.0
37.0
65.0
67.0
53.0
56.0
73.0
75.0
53.0
36.0
55.0
77.0
61.0
36.0
38.0
64.0
59.0
38.0
44.0
81.0
86.0
57.0
50.0
76.0
93.0
73.0
49.0
45.0
56.0
50.0
48.0
59.0
74.0
67.0
44.0
38.0
64.0
74.0
55.0
36.0
45.0
56.0
26.0
3.0
19.0
44.0
27.0
-261.0
-261.0
32.0
42.0
17.0
9.0
48.0
76.0
60.0
44.0
60.0
72.0
52.0
26.0
37.0
69.0
68.0
50.0
50.0
67.0
70.0
55.0
49.0
65.0
71.0
48.0
21.0
25.0
33.0
18.0
8.0
25.0
44.0
28.0
1.0
1.0
32.0
49.0
34.0
21.0
32.0
41.0
28.0
21.0
41.0
73.0
59.0
21.0
9.0
29.0
37.0
20.0
19.0
45.0
59.0
35.0
9.0
19.0
40.0
25.0
0.0
6.0
39.0
49.0
37.0
43.0
81.0
102.0
77.0
51.0
61.0
84.0
76.0
54.0
61.0
90.0
86.0
58.0
55.0
81.0
82.0
41.0
26.0
55.0
65.0
41.0
27.0
45.0
53.0
35.0
20.0
19.0
36.0
36.0
12.0
16.0
48.0
59.0
38.0
27.0
48.0
60.0
41.0
16.0
19.0
54.0
65.0
51.0
60.0
90.0
92.0
80.0
68.0
81.0
86.0
66.0
48.0
68.0
97.0
80.0
42.0
39.0
71.0
84.0
60.0
44.0
60.0
77.0
64.0
44.0
56.0
74.0
57.0
28.0
27.0
49.0
45.0
37.0
43.0
60.0
57.0
32.0
18.0
40.0
55.0
32.0
4.0
19.0
55.0
52.0
26.0
28.0
54.0
68.0
64.0
57.0
60.0
55.0
35.0
23.0
41.0
59.0
42.0
24.0
43.0
76.0
73.0
51.0
44.0
60.0
60.0
43.0
35.0
51.0
60.0
51.0
40.0
59.0
82.0
67.0
40.0
40.0
54.0
50.0
25.0
9.0
18.0
18.0
4.0
10.0
33.0
32.0
12.0
7.0
32.0
59.0
57.0
25.0
23.0
56.0
68.0
37.0
20.0
39.0
54.0
44.0
38.0
54.0
82.0
84.0
65.0
64.0
83.0
82.0
66.0
65.0
84.0
87.0
67.0
59.0
81.0
97.0
74.0
51.0
57.0
86.0
98.0
85.0
74.0
84.0
85.0
59.0
44.0
51.0
59.0
48.0
39.0
58.0
73.0
52.0
32.0
41.0
67.0
58.0
41.0
52.0
88.0
106.0
91.0
70.0
73.0
83.0
72.0
60.0
64.0
70.0
54.0
34.0
36.0
57.0
60.0
41.0
35.0
49.0
56.0
38.0
27.0
39.0
55.0
38.0
17.0
20.0
51.0
60.0
33.0
13.0
28.0
37.0
23.0
26.0
60.0
89.0
70.0
49.0
50.0
65.0
57.0
26.0
7.0
18.0
22.0
11.0
19.0
50.0
64.0
49.0
50.0
77.0
98.0
80.0
51.0
58.0
96.0
92.0
59.0
59.0
96.0
101.0
71.0
55.0
77.0
106.0
104.0
90.0
99.0
119.0
101.0
58.0
43.0
59.0
59.0
43.0
38.0
57.0
66.0
52.0
43.0
61.0
85.0
72.0
49.0
56.0
84.0
73.0
32.0
8.0
22.0
36.0
22.0
25.0
65.0
87.0
58.0
26.0
39.0
67.0
64.0
40.0
41.0
73.0
86.0
64.0
49.0
74.0
101.0
96.0
76.0
76.0
99.0
103.0
89.0
89.0
107.0
97.0
50.0
32.0
60.0
87.0
73.0
55.0
68.0
73.0
43.0
16.0
28.0
55.0
48.0
24.0
19.0
36.0
36.0
12.0
7.0
28.0
44.0
27.0
4.0
18.0
44.0
45.0
39.0
45.0
60.0
48.0
26.0
33.0
60.0
65.0
37.0
24.0
64.0
101.0
88.0
69.0
90.0
-121.0
-115.0
123.0
-116.0
-63.0
-92.0
81.0
85.0
-100.0
-44.0
-43.0
-60.0
-39.0
285.0
329.0
338.0
370.0
171.0
195.0
173.0
162.0
186.0
202.0
182.0
169.0
179.0
177.0
136.0
348.0
347.0
359.0
336.0
283.0
257.0
267.0
266.0
-16.0
-41.0
-56.0
-85.0
121.0
86.0
91.0
114.0
91.0
37.0
0.0
-267.0
-292.0
-327.0
-356.0
-375.0
-145.0
-183.0
-203.0
-190.0
-174.0
-199.0
-243.0
-245.0
-226.0
-233.0
-249.0
-242.0
-210.0
-204.0
-245.0
-529.0
-252.0
-236.0
-514.0
-536.0
-513.0
-209.0
-199.0
-217.0
-218.0
-201.0
-199.0
-213.0
-211.0
-187.0
-182.0
-199.0
-197.0
-173.0
-156.0
-163.0
-167.0
-141.0
-376.0
-135.0
-150.0
-135.0
-350.0
-341.0
-364.0
-364.0
-329.0
-305.0
-309.0
-324.0
-314.0
-292.0
-297.0
-318.0
-314.0
-289.0
-280.0
-298.0
-302.0
-284.0
-290.0
-311.0
-313.0
-289.0
-257.0
-260.0
-279.0
-277.0
-257.0
7.0
8.0
19.0
42.0
36.0
7.0
1.0
20.0
28.0
13.0
8.0
34.0
59.0
42.0
18.0
20.0
55.0
68.0
49.0
36.0
55.0
76.0
65.0
43.0
59.0
89.0
90.0
83.0
74.0
71.0
61.0
61.0
74.0
92.0
87.0
60.0
55.0
80.0
89.0
66.0
51.0
75.0
101.0
90.0
71.0
76.0
98.0
97.0
75.0
76.0
97.0
96.0
88.0
93.0
114.0
123.0
98.0
71.0
75.0
96.0
88.0
68.0
69.0
103.0
120.0
103.0
97.0
114.0
117.0
96.0
83.0
108.0
-110.0
-125.0
91.0
88.0
107.0
101.0
68.0
52.0
66.0
74.0
58.0
51.0
70.0
88.0
88.0
89.0
96.0
98.0
71.0
48.0
65.0
112.0
117.0
82.0
68.0
98.0
117.0
88.0
64.0
77.0
113.0
118.0
96.0
84.0
89.0
85.0
67.0
61.0
85.0
88.0
70.0
66.0
89.0
109.0
90.0
68.0
77.0
101.0
86.0
56.0
60.0
91.0
98.0
65.0
54.0
77.0
90.0
69.0
40.0
44.0
66.0
55.0
34.0
39.0
69.0
75.0
51.0
42.0
74.0
102.0
91.0
82.0
99.0
108.0
84.0
58.0
72.0
103.0
104.0
87.0
77.0
84.0
71.0
43.0
35.0
55.0
71.0
59.0
43.0
52.0
72.0
56.0
25.0
20.0
48.0
65.0
60.0
52.0
52.0
53.0
42.0
37.0
48.0
58.0
50.0
50.0
75.0
102.0
86.0
51.0
41.0
59.0
64.0
40.0
27.0
41.0
58.0
53.0
51.0
74.0
98.0
84.0
60.0
60.0
76.0
80.0
54.0
41.0
54.0
56.0
35.0
25.0
48.0
76.0
82.0
80.0
92.0
119.0
99.0
49.0
23.0
41.0
48.0
32.0
37.0
66.0
81.0
60.0
42.0
44.0
53.0
36.0
22.0
38.0
70.0
73.0
49.0
44.0
64.0
61.0
39.0
23.0
32.0
41.0
37.0
27.0
35.0
58.0
68.0
49.0
40.0
58.0
56.0
37.0
36.0
68.0
83.0
59.0
41.0
65.0
102.0
103.0
85.0
84.0
97.0
89.0
67.0
59.0
82.0
89.0
69.0
68.0
97.0
113.0
91.0
70.0
72.0
83.0
75.0
64.0
59.0
75.0
75.0
45.0
33.0
56.0
77.0
60.0
33.0
39.0
67.0
60.0
29.0
23.0
45.0
55.0
40.0
24.0
44.0
60.0
45.0
32.0
42.0
59.0
56.0
50.0
56.0
60.0
32.0
2.0
22.0
77.0
99.0
72.0
53.0
69.0
91.0
87.0
68.0
53.0
57.0
71.0
77.0
92.0
109.0
102.0
82.0
75.0
88.0
87.0
66.0
51.0
59.0
77.0
72.0
51.0
43.0
55.0
49.0
22.0
23.0
55.0
65.0
44.0
41.0
64.0
67.0
37.0
16.0
22.0
35.0
23.0
4.0
5.0
37.0
56.0
53.0
54.0
76.0
91.0
71.0
50.0
58.0
75.0
69.0
54.0
57.0
76.0
67.0
43.0
51.0
80.0
77.0
52.0
33.0
42.0
39.0
4.0
-270.0
5.0
34.0
24.0
7.0
21.0
52.0
43.0
9.0
-258.0
23.0
44.0
39.0
37.0
58.0
65.0
36.0
19.0
37.0
67.0
55.0
18.0
13.0
40.0
50.0
33.0
21.0
32.0
37.0
19.0
9.0
37.0
86.0
92.0
65.0
60.0
89.0
92.0
74.0
72.0
90.0
107.0
102.0
93.0
105.0
108.0
83.0
58.0
64.0
81.0
72.0
52.0
51.0
70.0
67.0
33.0
8.0
17.0
26.0
22.0
19.0
35.0
51.0
38.0
10.0
12.0
39.0
42.0
17.0
11.0
44.0
69.0
65.0
58.0
71.0
82.0
70.0
57.0
55.0
64.0
57.0
42.0
39.0
50.0
52.0
40.0
38.0
49.0
52.0
26.0
7.0
24.0
44.0
28.0
0.0
1.0
22.0
23.0
2.0
-264.0
2.0
9.0
-262.0
-279.0
-262.0
18.0
7.0
-265.0
-266.0
5.0
3.0
-277.0
-283.0
-262.0
4.0
-273.0
-292.0
-276.0
9.0
21.0
20.0
32.0
52.0
51.0
40.0
39.0
60.0
73.0
69.0
74.0
99.0
100.0
74.0
52.0
66.0
91.0
86.0
61.0
61.0
85.0
92.0
81.0
68.0
82.0
100.0
93.0
89.0
104.0
108.0
89.0
83.0
100.0
118.0
105.0
84.0
85.0
116.0
-127.0
101.0
74.0
97.0
123.0
114.0
97.0
102.0
113.0
90.0
75.0
97.0
124.0
115.0
81.0
77.0
102.0
103.0
72.0
60.0
