0.53
0.41
0.52
0.48
0.28
0.39
0.7
0.67
0.26
0.05
0.4
0.84
0.84
0.6
0.57
0.66
0.48
0.24
0.38
0.81
0.88
0.66
0.56
0.86
1.01
0.74
0.59
0.83
1.01
0.81
0.56
0.59
0.84
0.86
0.67
0.6
0.87
0.99
0.84
0.83
1.03
0.98
0.5
0.18
0.38
0.75
0.7
0.51
0.57
0.75
0.69
0.35
0.22
0.4
0.48
0.35
0.21
0.37
0.54
0.37
0.11
0.23
0.52
0.53
0.37
0.34
0.53
0.53
0.19
0.03
0.27
0.51
0.36
0.17
0.23
0.41
0.37
0.28
0.48
0.85
0.91
0.7
0.59
0.77
0.91
0.8
0.7
0.9
1.09
0.88
0.56
0.52
0.74
0.82
0.65
0.55
0.7
0.73
0.48
0.32
0.45
0.54
0.37
0.25
0.36
0.54
0.48
0.36
0.4
0.55
0.44
0.2
0.08
0.35
0.52
0.37
0.24
0.39
0.59
0.64
0.58
0.68
0.74
0.54
0.27
0.26
0.53
0.59
0.33
0.22
0.51
0.81
0.66
0.42
0.56
0.84
0.75
0.56
0.58
0.72
0.57
0.37
0.48
0.82
0.98
0.8
0.57
0.6
0.52
0.09
-2.62
0.22
0.58
0.52
0.2
0.2
0.52
0.55
0.2
-2.57
0.16
0.35
0.32
0.22
0.34
0.4
0.18
-2.58
0.03
0.39
0.49
0.27
0.24
0.51
0.69
0.53
0.4
0.51
0.54
0.27
0.08
0.28
0.55
0.5
0.27
0.33
0.68
0.75
0.43
0.26
0.51
0.76
0.61
0.4
0.52
0.72
0.65
0.41
0.39
0.53
0.49
0.28
0.34
0.59
0.67
0.4
0.24
0.4
0.49
0.23
-2.57
0.1
0.43
0.42
0.19
0.19
0.43
0.53
0.35
0.27
0.49
0.6
0.43
0.32
0.49
0.55
0.32
0.16
0.32
0.54
0.44
0.21
0.17
0.33
0.41
0.38
0.39
0.58
0.73
0.65
0.39
0.43
0.82
0.81
0.55
0.58
0.85
0.83
0.52
0.41
0.65
0.83
0.7
0.58
0.74
0.93
0.75
0.55
0.71
0.93
0.72
0.33
0.22
0.56
0.73
0.6
0.56
0.73
0.8
0.49
0.23
0.27
0.4
0.32
0.2
0.41
0.74
0.68
0.28
0.1
0.25
0.29
0.12
0.19
0.48
0.65
0.37
0.01
0.09
0.49
0.52
0.23
0.12
0.38
0.53
0.49
0.56
0.82
0.88
0.64
0.42
0.55
0.86
0.81
0.54
0.54
0.74
0.69
0.42
0.4
0.75
0.98
0.75
0.58
0.71
0.87
0.71
0.53
0.66
0.86
0.72
0.52
0.57
0.81
0.73
0.4
0.2
0.41
0.72
0.65
0.51
0.54
0.59
0.45
0.34
0.43
0.73
0.72
0.41
0.34
0.7
0.89
0.73
0.64
0.89
1.15
0.91
0.67
0.75
0.93
0.89
0.61
0.55
0.83
0.87
0.57
0.49
0.71
0.73
0.4
0.18
0.36
0.71
0.58
0.22
0.21
0.59
0.72
0.54
0.54
0.73
0.84
0.61
0.4
0.53
0.71
0.58
0.35
0.36
0.58
0.59
0.42
0.42
0.66
0.74
0.7
0.72
0.92
0.96
0.7
0.52
0.65
0.89
0.74
0.41
0.39
0.69
0.71
0.32
0.06
0.37
0.76
0.74
0.55
0.58
0.66
0.44
0.21
0.32
0.67
0.66
0.33
0.2
0.49
0.69
0.57
0.4
0.42
0.49
0.25
0.02
0.1
0.33
0.25
0.05
0.1
0.34
0.24
0.07
0.11
0.37
0.55
0.5
0.56
0.76
0.82
0.49
0.25
0.5
0.86
0.72
0.45
0.43
0.71
0.86
0.7
0.61
0.88
1.06
0.85
0.74
1.06
1.2
1.04
0.87
1.0
-1.25
-1.27
1.07
1.23
-1.0
-1.17
0.82
0.69
1.05
-1.16
-1.05
-1.24
1.13
-1.27
-1.19
-1.07
-0.6
-0.11
-0.25
-0.53
-0.36
-0.09
2.58
-0.06
2.56
2.78
2.99
2.98
2.99
3.31
1.29
1.54
3.81
3.37
3.16
2.97
2.63
-0.12
2.6
2.69
-0.26
-0.74
-0.78
-0.71
-1.05
1.15
1.14
-1.25
1.15
0.67
0.25
0.21
0.16
-2.91
-3.41
-3.46
-3.38
-3.59
-1.34
-1.41
-1.3
-1.38
-1.58
-1.56
-1.29
-3.71
-1.34
-1.61
-1.67
-1.57
-1.7
-1.8
-1.62
-1.38
-1.46
-1.51
-1.29
-3.5
-3.44
-3.61
-3.64
-3.48
-3.53
-3.79
-1.35
-3.65
-3.45
-3.58
-3.82
-1.32
-3.59
-3.49
-3.74
-3.79
-3.54
-3.42
-3.62
-3.75
-3.54
-3.3
-3.32
-3.27
-2.97
-2.65
-2.75
-3.0
-2.97
-2.73
-2.65
-2.73
-2.68
0.0
0.01
-2.79
-2.97
-2.78
-2.63
-2.81
-2.97
-2.79
0.03
-2.65
-2.95
-2.93
-2.59
0.03
-2.83
-2.97
-2.68
0.06
-2.7
-2.93
-2.86
-2.73
-2.79
-2.95
-2.89
-2.59
0.04
-2.61
0.01
0.26
0.4
0.24
0.08
0.24
0.39
0.29
0.32
0.57
0.75
0.66
0.42
0.41
0.6
0.55
0.23
0.18
0.43
0.59
0.38
0.21
0.41
0.69
0.59
0.41
0.49
0.7
0.76
0.57
0.49
0.72
0.91
0.83
0.74
0.93
1.17
1.04
0.75
0.75
0.86
0.72
0.42
0.38
0.58
0.64
0.5
0.56
0.92
1.13
0.82
0.43
0.51
0.89
0.89
0.72
0.82
0.97
0.82
0.52
0.45
0.74
0.88
0.66
0.5
0.68
0.92
0.84
0.64
0.82
1.19
1.16
0.84
0.76
1.07
1.21
1.02
0.81
0.89
1.0
0.87
0.74
0.83
0.97
0.8
0.51
0.57
0.81
0.83
0.49
0.37
0.83
1.05
0.7
0.37
0.5
0.69
0.54
0.24
0.26
0.55
0.72
0.81
0.88
1.05
0.87
0.5
0.49
0.88
1.03
0.7
0.43
0.65
0.87
0.71
0.42
0.43
0.67
0.64
0.45
0.54
0.88
1.03
0.81
0.67
0.98
1.22
1.0
0.68
0.73
0.99
0.84
0.39
0.36
0.8
0.85
0.54
0.44
0.83
1.05
0.85
0.69
0.93
1.21
0.92
0.59
0.71
1.05
1.12
0.82
0.69
0.89
0.98
0.72
0.57
0.76
0.92
0.77
0.52
0.57
0.91
0.96
0.69
0.7
1.0
1.01
0.65
0.37
0.48
0.59
0.44
0.36
0.53
0.7
0.56
0.49
0.68
0.97
0.87
0.61
0.57
0.74
0.67
0.39
0.34
0.58
0.89
0.86
0.68
0.77
0.9
0.72
0.41
0.41
0.76
0.92
0.67
0.51
0.66
0.74
0.51
0.41
0.74
1.01
0.77
0.54
0.65
0.96
0.97
0.72
0.76
1.17
1.24
0.87
0.57
0.71
0.88
0.72
0.52
0.67
1.01
0.99
0.72
0.68
0.86
0.88
0.56
0.38
0.56
0.81
0.71
0.56
0.73
0.84
0.52
0.17
0.28
0.67
0.73
0.52
0.43
0.7
0.81
0.61
0.48
0.6
0.84
0.72
0.52
0.67
0.93
0.77
0.48
0.39
0.6
0.65
0.43
0.37
0.64
0.82
0.59
0.32
0.32
0.5
0.39
0.11
0.16
0.44
0.54
0.35
0.24
0.38
0.43
0.25
0.05
0.12
0.29
0.33
0.33
0.42
0.56
0.42
0.23
0.37
0.65
0.66
0.41
0.37
0.66
0.8
0.54
0.36
0.52
0.69
0.48
0.09
0.11
0.44
0.6
0.59
0.56
0.72
0.86
0.74
0.67
0.84
0.91
0.7
0.57
0.76
1.01
0.88
0.65
0.71
1.03
1.01
0.5
0.18
0.32
0.5
0.48
0.42
0.56
0.68
0.49
0.34
0.36
0.52
0.52
0.34
0.33
0.54
0.64
0.53
0.52
0.66
0.61
0.32
0.05
0.19
0.43
0.42
0.39
0.58
0.86
0.82
0.56
0.61
0.82
0.76
0.58
0.52
0.76
0.98
0.73
0.27
0.19
0.33
0.21
-2.6
-2.59
0.26
0.28
0.04
-2.6
0.21
0.38
0.25
0.16
0.35
0.59
0.36
0.0
-2.57
0.25
0.41
0.25
0.11
0.38
0.67
0.64
0.51
0.66
0.83
0.57
0.28
0.27
0.44
0.4
0.21
0.19
0.4
0.43
0.32
0.27
0.37
0.39
0.19
0.07
0.25
0.44
0.23
0.03
0.17
0.45
0.37
0.06
0.01
0.26
0.42
0.27
0.21
0.45
0.64
0.48
0.25
0.37
0.65
0.49
0.18
0.13
0.43
0.56
0.39
0.35
0.48
0.56
0.45
0.27
0.33
0.52
0.44
0.34
0.41
0.61
0.55
0.26
0.19
0.37
0.51
0.32
0.17
0.32
0.49
0.39
0.23
0.37
0.58
0.44
0.21
0.28
0.68
0.85
0.52
0.24
0.49
0.73
0.55
0.35
0.54
0.76
0.6
0.32
0.26
0.51
0.56
0.49
0.5
0.71
0.7
0.39
0.35
0.7
0.98
0.9
0.82
1.02
1.2
0.96
0.64
0.65
0.9
0.86
0.67
0.57
0.7
0.71
0.41
0.28
0.56
0.83
0.68
0.44
0.55
0.75
0.64
0.32
0.41
0.87
0.91
0.45
0.22
0.45
0.68
0.37
0.03
0.08
0.21
0.1
-2.6
0.07
0.43
0.55
0.45
0.51
0.68
0.73
0.52
0.38
0.37
0.43
0.33
0.17
0.27
0.69
0.57
0.1
0.04
0.37
0.45
0.13
-2.67
0.02
0.32
0.37
0.39
0.57
0.76
0.66
0.51
0.56
0.83
0.83
0.49
0.39
0.64
0.73
0.49
0.35
0.57
0.9
0.92
0.77
0.84
1.02
0.98
0.85
1.05
-1.15
-1.2
0.87
0.53
0.68
0.92
0.73
0.35
0.33
0.53
0.48
0.2
0.22
0.54
0.55
0.28
0.25
0.59
0.84
0.59
0.44
0.61
0.83
0.67
0.39
0.48
0.75
0.71
0.37
0.39
0.8
0.81
0.36
0.09
0.27
0.32
0.01
-2.65
0.12
0.44
0.67
0.75
0.82
0.92
0.83
0.57
0.48
0.71
0.86
0.67
0.76
1.18
1.18
0.64
0.26
0.39
0.66
0.55
0.33
0.28
0.49
0.56
0.4
0.28
0.39
0.51
0.4
0.25
0.42
0.68
0.65
0.4
0.26
0.36
0.35
0.19
0.18
0.38
0.4
0.16
0.06
0.43
0.86
0.73
0.39
0.4
0.76
0.75
0.53
0.55
0.93
1.16
0.87
0.65
0.76
0.92
0.85
0.67
0.68
0.86
0.83
0.67
0.69
0.82
0.66
0.4
0.39
0.65
0.75
0.54
0.37
0.56
0.84
0.6
0.27
0.38
0.61
0.53
0.24
0.21
0.43
0.41
0.11
0.03
0.28
0.55
0.42
0.23
0.29
0.49
0.39
0.23
0.33
0.68
0.72
0.41
0.26
0.49
0.69
0.64
0.51
0.54
0.57
0.37
0.1
0.11
0.38
0.4
0.22
0.29
0.7
0.82
0.61
0.58
0.92
1.24
1.01
0.64
0.69
0.8
0.67
0.51
0.54
0.75
0.71
0.43
0.43
0.73
0.75
0.42
0.38
0.81
1.19
1.06
0.83
0.8
0.84
0.7
0.43
0.27
0.51
0.7
0.68
0.7
0.89
0.87
0.5
0.33
0.6
0.89
0.8
0.52
0.5
0.75
0.71
0.34
0.16
0.33
0.4
0.24
0.16
0.34
0.52
0.51
0.44
0.56
0.81
0.8
0.49
0.37
0.65
0.8
0.57
0.38
0.56
0.75
0.55
0.33
0.44
0.69
0.64
0.5
0.49
0.66
0.56
0.35
0.35
0.59
0.57
0.23
0.12
0.44
0.7
0.54
0.22
0.13
0.33
0.4
0.4
0.54
0.75
0.67
0.48
0.57
0.97
1.02
0.7
0.45
0.57
0.73
0.55
0.33
0.43
0.83
0.73
0.32
0.17
0.37
0.43
0.25
0.18
0.37
0.51
0.37
0.23
0.35
0.52
0.48
0.28
0.29
0.57
0.7
0.57
0.51
0.66
0.71
0.39
0.17
0.35
0.57
0.53
0.41
0.55
0.84
0.67
0.22
0.2
0.58
0.77
0.56
0.42
0.58
0.77
0.74
0.6
0.57
0.56
0.2
-2.62
0.09
0.52
0.65
0.42
0.34
0.56
0.77
0.67
0.42
0.39
0.4
0.12
-2.6
0.22
0.68
0.67
0.34
0.17
0.35
0.52
0.43
0.36
0.52
0.64
0.4
0.21
0.36
0.57
0.39
0.18
0.38
0.85
0.9
0.48
0.2
0.38
0.54
0.36
0.22
0.5
0.85
0.73
0.42
0.43
0.69
0.55
0.23
0.22
0.45
0.5
0.33
0.33
0.6
0.81
0.58
0.32
0.4
0.59
0.49
0.28
0.29
0.48
0.44
0.28
0.35
0.7
0.84
0.51
0.25
0.38
0.55
0.64
0.71
0.89
0.98
0.75
0.39
0.35
0.66
0.7
0.41
0.27
0.48
0.6
0.42
0.26
0.41
0.57
0.39
0.2
0.37
0.75
0.83
0.54
0.26
0.4
0.58
0.57
0.55
0.7
0.84
0.71
0.56
0.6
0.73
0.6
0.41
0.41
0.59
0.66
0.55
0.51
0.74
0.89
0.8
0.74
0.85
0.91
0.57
0.2
0.28
0.69
0.85
0.68
0.5
0.56
0.65
0.48
0.36
0.51
0.72
0.6
0.35
0.43
0.73
0.76
0.65
0.67
0.84
0.87
0.69
0.69
0.97
1.06
0.9
0.67
0.6
0.76
0.75
0.58
0.59
0.73
0.66
0.51
0.57
0.86
0.86
0.64
0.64
0.91
0.98
0.67
0.44
0.48
0.61
0.57
0.37
0.4
0.67
0.7
0.5
0.4
0.65
0.77
0.66
0.65
0.87
0.89
0.53
0.24
0.39
0.7
0.61
0.23
0.22
0.64
0.76
0.5
0.34
0.5
0.55
0.38
0.27
0.5
0.67
0.55
0.35
0.4
0.68
0.61
0.33
0.16
0.39
0.7
0.75
0.73
0.84
0.84
0.67
0.53
0.59
0.84
0.8
0.48
0.39
0.55
0.52
0.17
0.1
0.5
0.65
0.24
0.06
0.38
0.74
0.5
-2.57
-2.6
0.27
0.36
0.16
0.04
0.22
0.32
0.06
-2.59
0.27
0.64
0.52
0.2
0.11
0.22
0.23
0.23
0.33
0.52
0.48
0.12
0.05
0.39
0.54
0.24
0.03
0.32
0.67
0.64
0.43
0.67
1.05
1.14
0.87
0.68
0.81
0.89
0.73
0.56
0.71
0.92
0.69
0.25
0.29
0.7
0.76
0.44
0.29
0.55
0.69
0.49
0.28
0.45
0.71
0.67
0.53
0.64
0.83
0.56
0.24
0.37
0.77
0.81
0.56
0.58
1.01
1.23
1.03
0.9
1.08
-1.23
1.16
0.96
1.09
-1.05
-1.05
1.25
1.25
-1.19
-1.07
-1.21
1.24
-0.88
-0.3
-0.14
-0.28
-0.2
2.88
3.12
2.99
3.06
3.42
3.59
3.45
3.68
1.76
2.05
1.64
3.73
3.79
1.48
1.49
1.32
1.31
1.32
3.56
3.1
2.89
2.89
2.74
-0.1
-0.29
-0.37
-0.51
-1.03
1.04
0.88
0.61
0.03
-3.07
-3.25
-3.09
-3.22
-3.56
-3.81
-1.31
-1.52
-1.99
-2.13
-1.89
-1.82
-2.25
-5.23
-5.17
-2.21
-2.18
-2.51
-5.14
-2.15
-1.84
-2.01
-2.41
-2.43
-2.3
-2.47
-5.15
-2.34
-2.05
-2.1
-2.21
-2.12
-1.81
-1.7
-1.85
-1.82
-1.65
-1.61
-1.74
-1.79
-1.55
-3.79
-3.8
-1.4
-1.3
-3.66
-3.77
-1.32
-3.61
-3.22
-3.14
-3.42
-3.49
-3.33
-3.24
-3.4
-3.62
-3.48
-3.14
-3.16
-3.38
-3.24
-2.82
-2.69
-2.84
-2.74
0.24
0.4
0.27
0.24
0.4
0.64
0.42
0.1
0.19
0.5
0.4
0.09
0.09
0.39
0.52
0.32
0.18
0.44
0.82
0.7
0.38
0.45
0.75
0.65
0.37
0.38
0.65
0.7
0.67
0.8
1.02
0.96
0.58
0.53
0.84
1.04
0.74
0.43
0.52
0.8
0.88
0.75
0.66
0.8
0.73
0.5
0.5
0.84
0.89
0.59
0.48
0.7
0.92
0.77
0.56
0.59
0.96
1.12
1.0
0.9
0.96
0.88
0.59
0.43
0.65
0.91
0.81
0.57
0.59
0.85
0.9
0.71
0.58
0.73
0.83
0.67
0.54
0.76
0.93
0.76
0.51
0.56
0.81
0.81
0.65
0.59
0.8
0.76
0.59
0.66
0.72
0.43
0.02
-2.57
0.59
1.2
1.17
0.92
1.05
-1.09
-1.03
-1.28
1.08
1.07
0.92
0.55
0.55
1.06
-1.22
1.04
0.7
0.57
0.52
0.38
0.28
0.49
0.83
0.89
0.75
0.81
1.02
0.99
0.7
0.51
0.64
0.71
0.5
0.33
0.36
0.58
0.55
0.33
0.45
0.82
0.86
0.67
0.53
0.66
0.74
0.59
0.43
0.59
0.86
0.75
0.5
0.51
0.9
1.15
1.0
0.87
1.01
1.07
0.96
0.84
0.99
1.2
1.06
0.81
0.77
0.97
0.9
0.69
0.66
0.68
0.5
0.24
0.22
0.49
0.59
0.38
0.26
0.51
0.82
0.71
0.48
0.54
0.85
0.89
0.61
0.44
0.65
0.83
0.67
0.53
0.71
0.83
0.61
0.48
0.56
0.68
0.6
0.4
0.36
0.52
0.49
0.39
0.51
0.74
0.75
0.5
0.35
0.5
0.58
0.44
0.27
0.35
0.58
0.51
0.28
0.32
0.52
0.69
0.54
0.4
0.57
0.71
0.49
0.29
0.41
0.64
0.45
0.24
0.34
0.65
0.74
0.58
0.57
0.83
0.85
0.49
0.25
0.51
0.7
0.48
0.37
0.6
0.9
0.76
0.57
0.68
0.89
0.86
0.72
0.67
0.82
0.89
0.75
0.67
0.7
0.77
0.65
0.43
0.42
0.64
0.58
0.35
0.28
0.53
0.72
0.55
0.36
0.54
0.73
0.56
0.33
0.32
0.44
0.48
0.26
0.18
0.33
0.42
0.38
0.51
0.8
0.87
0.67
0.58
0.84
1.09
0.96
0.6
0.53
0.77
0.86
0.71
0.72
0.91
1.01
0.73
0.48
0.59
0.82
0.69
0.5
0.68
0.97
0.76
0.35
0.29
0.81
1.09
0.86
0.56
0.57
0.69
0.58
0.53
0.66
0.72
0.37
0.05
0.2
0.54
0.54
0.32
0.36
0.64
0.66
0.39
0.35
0.69
0.91
0.74
0.52
0.58
0.76
0.66
0.41
0.38
0.65
0.85
0.84
0.77
0.86
0.83
0.67
0.6
0.76
0.98
0.81
0.5
0.41
0.56
0.49
0.28
0.39
0.69
0.72
0.41
0.22
0.34
0.52
0.45
0.22
0.22
0.52
0.58
0.39
0.24
0.42
0.59
0.49
0.34
0.45
0.65
0.56
0.42
0.54
0.68
0.56
0.38
0.48
0.6
0.5
0.34
0.41
0.67
0.69
0.44
0.39
0.68
0.83
0.6
0.4
0.54
0.77
0.68
0.42
0.53
0.96
0.93
0.51
0.25
0.43
0.65
0.52
0.26
0.29
0.56
0.58
0.44
0.48
0.64
0.51
0.27
0.29
0.57
0.6
0.28
0.04
0.11
0.33
0.33
0.26
0.42
0.65
0.5
0.27
0.42
0.8
0.82
0.49
0.4
0.72
1.01
0.85
0.53
0.54
0.72
0.7
0.52
0.43
0.56
0.49
0.33
0.39
0.74
0.82
0.51
0.27
0.35
0.49
0.35
0.21
0.29
0.45
0.33
0.07
0.11
0.38
0.34
0.06
0.1
0.54
0.84
0.74
0.58
0.61
0.66
0.44
0.32
0.5
0.67
0.48
0.25
0.33
0.64
0.68
0.41
0.29
0.52
0.72
0.66
0.5
0.55
0.72
0.6
0.38
0.42
0.67
0.7
0.54
0.6
0.85
0.75
0.39
0.25
0.37
0.53
0.44
0.27
0.32
0.5
0.49
0.33
0.27
0.41
0.42
0.19
0.11
0.39
0.58
0.43
0.2
0.35
0.69
0.58
0.27
0.2
0.42
0.54
0.48
0.38
0.56
0.73
0.6
0.41
0.54
0.8
0.66
0.32
0.27
0.54
0.64
0.38
0.34
0.68
0.76
0.41
0.25
0.55
0.84
0.7
0.45
0.58
0.91
0.82
0.55
0.59
0.85
0.84
0.53
0.39
0.59
0.67
0.43
0.34
0.52
0.74
0.68
0.49
0.51
0.64
0.5
0.33
0.38
0.66
0.69
0.4
0.26
0.41
0.43
0.22
0.23
0.49
0.69
0.49
0.23
0.36
0.7
0.73
0.54
0.41
0.51
0.53
0.43
0.44
0.72
1.02
0.97
0.75
0.83
0.99
0.75
0.36
0.19
0.34
0.38
0.19
0.12
0.38
0.53
0.41
0.37
0.6
0.87
0.74
0.51
0.54
0.73
0.61
0.35
0.35
0.59
0.57
0.17
-2.62
0.17
0.44
0.4
0.26
0.43
0.83
0.87
0.7
0.64
0.72
0.74
0.56
0.39
0.42
0.44
0.2
0.02
0.17
0.41
0.42
0.26
0.24
0.42
0.42
0.17
0.06
0.22
0.33
0.18
0.06
0.22
0.4
0.38
0.26
0.33
0.66
0.76
0.59
0.52
0.68
0.72
0.54
0.4
0.56
0.72
0.55
0.36
0.44
0.7
0.7
0.69
0.92
1.23
1.05
0.52
0.32
0.56
0.76
0.56
0.43
0.65
0.85
0.74
0.6
0.72
0.92
0.86
0.75
0.87
1.12
1.15
0.9
0.83
0.91
0.89
0.54
0.19
0.24
0.44
0.35
0.22
0.43
0.82
0.8
0.43
0.33
0.5
0.26
0.57
0.54
0.39
0.49
0.76
0.68
0.45
0.34
0.35
0.42
0.34
0.25
0.4
0.56
0.42
0.21
0.2
0.4
0.27
0.0
-2.59
0.25
0.37
0.08
-2.74
0.01
0.28
0.29
0.23
0.42
0.73
0.55
0.21
0.27
0.56
0.56
0.33
0.26
0.52
0.69
0.42
0.2
0.45
0.77
0.59
0.23
0.28
0.69
0.73
0.51
0.5
0.82
0.92
0.56
0.28
0.45
0.74
0.67
0.42
0.4
0.53
0.42
0.2
0.28
0.59
0.59
0.24
0.07
0.34
0.58
0.5
0.38
0.59
0.82
0.56
0.18
0.12
0.41
0.53
0.37
0.28
0.45
0.58
0.43
0.35
0.48
0.54
0.32
0.1
0.32
0.66
0.68
0.43
0.4
0.68
0.74
0.53
0.52
0.84
1.01
0.82
0.59
0.69
0.82
0.68
0.59
0.81
1.17
1.06
0.69
0.52
0.67
0.77
0.52
0.28
0.45
0.69
0.49
0.12
0.1
0.24
0.19
0.09
0.18
0.37
0.34
0.17
0.13
0.4
0.48
0.17
0.07
0.4
0.68
0.58
0.44
0.65
0.91
0.84
0.65
0.74
1.03
0.93
0.56
0.41
0.65
0.85
0.75
0.54
0.6
0.73
0.58
0.27
0.27
0.64
0.81
0.56
0.29
0.48
0.61
0.44
0.29
0.43
0.65
0.52
0.35
0.49
0.69
0.53
0.27
0.37
0.75
0.81
0.5
0.33
0.48
0.6
0.54
0.45
0.53
0.56
0.37
0.21
0.36
0.76
0.91
0.74
0.67
0.82
0.82
0.49
0.42
0.75
1.0
0.89
0.73
0.84
1.09
1.16
0.98
0.86
0.9
0.72
0.38
0.28
0.56
0.74
0.49
0.2
0.28
0.54
0.37
0.1
0.25
0.56
0.43
0.02
-2.6
0.25
0.33
0.04
-2.6
0.22
0.55
0.54
0.34
0.33
0.69
0.88
0.69
0.54
0.57
0.52
0.41
0.51
0.82
0.99
0.74
0.58
0.76
0.92
0.76
0.6
0.81
1.13
0.99
0.66
0.57
0.75
0.76
0.48
0.33
0.43
0.58
0.39
0.18
0.35
0.57
0.43
0.08
-2.61
0.11
0.12
-2.63
-2.59
0.29
0.41
0.27
0.19
0.34
0.51
0.4
0.2
0.19
0.39
0.38
0.19
0.16
0.48
0.67
0.52
0.41
0.75
1.06
1.0
0.77
0.77
0.98
0.88
0.64
0.54
0.68
0.66
0.41
0.33
0.54
0.65
0.44
0.32
0.45
0.72
0.71
0.51
0.48
0.6
0.54
0.38
0.4
0.61
0.69
0.42
0.23
0.51
0.77
0.61
0.43
0.59
0.92
0.88
0.72
0.73
0.87
0.82
0.57
0.5
0.74
0.98
0.87
0.8
0.8
0.75
0.58
0.48
0.61
0.76
0.59
0.26
0.12
0.35
0.53
0.34
0.19
0.4
0.64
0.49
0.27
0.36
0.52
0.41
0.2
0.11
0.33
0.45
0.36
0.27
0.43
0.57
0.49
0.35
0.43
0.66
0.59
0.45
0.56
0.77
0.74
0.53
0.48
0.71
0.84
0.68
0.49
0.53
0.68
0.55
0.54
0.77
1.0
0.82
0.51
0.59
0.91
0.76
0.32
0.16
0.45
0.72
0.61
0.52
0.69
0.96
0.9
0.68
0.64
0.81
0.77
0.5
0.42
0.77
0.92
0.58
0.22
0.23
0.41
0.42
0.4
0.61
0.88
0.75
0.4
0.37
0.71
0.73
0.34
0.2
0.55
0.87
0.71
0.43
0.39
0.44
0.37
0.23
0.42
0.6
0.44
0.2
0.32
0.74
0.91
0.64
0.49
0.83
1.24
1.17
0.69
0.4
0.58
0.76
0.72
0.92
-1.08
-0.61
-0.54
-0.52
2.56
2.84
2.68
2.68
3.12
3.48
3.43
3.33
3.68
1.53
1.53
3.78
3.65
3.64
3.45
3.24
3.15
3.3
3.21
2.64
-0.42
-0.46
-0.38
-0.73
-1.18
1.23
-1.28
1.13
0.82
0.64
0.72
0.69
0.25
-2.8
-3.07
-3.12
-3.31
-3.65
-3.82
-3.7
-3.79
-1.56
-1.68
-1.5
-1.47
-1.62
-1.72
-1.63
-1.52
-1.77
-2.02
-1.87
-1.49
-1.38
-1.67
-1.95
-1.73
-1.63
-1.74
-1.78
-1.5
-1.33
-1.54
-1.8
-1.63
-3.76
-3.77
-1.53
-1.61
-1.37
-1.39
-1.62
-1.51
-3.54
-3.22
-3.3
-3.47
-3.44
-3.38
-3.41
-3.32
-3.1
-2.91
-3.02
-3.32
-3.38
-3.1
-2.95
-3.11
-3.17
-2.96
-2.68
-2.65
-2.64
0.04
0.21
0.17
-2.62
-2.6
0.28
0.49
0.28
0.1
0.23
0.27
0.07
0.02
0.25
0.44
0.33
0.11
0.21
0.41
0.26
0.09
0.23
0.45
0.34
-2.57
-2.64
0.25
0.54
0.41
0.24
0.41
0.73
0.69
0.54
0.64
0.86
0.75
0.53
0.61
0.98
0.98
0.59
0.5
0.76
1.02
0.85
0.6
0.67
0.8
0.54
0.28
0.5
0.88
0.93
0.69
0.59
0.88
0.98
0.66
0.48
0.56
0.71
0.52
0.28
0.42
0.73
0.64
0.39
0.39
0.64
0.68
0.44
0.36
0.52
0.51
0.23
0.07
0.26
0.44
0.32
0.12
0.28
0.77
0.98
0.8
0.71
0.87
0.92
0.7
0.57
0.76
1.0
0.91
0.82
0.86
0.91
0.72
0.45
0.49
0.86
1.04
0.84
0.68
0.83
1.04
1.05
1.01
1.12
1.24
1.04
0.69
0.75
1.15
1.23
1.05
1.01
1.17
1.15
0.9
0.86
1.15
-1.21
1.17
0.85
0.84
1.07
1.02
0.72
0.69
0.91
0.93
0.66
0.48
0.83
1.23
1.12
0.76
0.73
0.89
0.89
0.73
0.74
0.91
0.86
0.66
0.61
0.84
0.87
0.66
0.65
0.93
1.14
0.97
0.7
0.69
0.8
0.72
0.58
0.57
0.77
0.85
0.6
0.49
0.73
0.88
0.57
0.32
0.39
0.67
0.67
0.55
0.61
0.83
0.83
0.65
0.59
0.85
1.01
0.9
0.83
0.86
0.97
0.76
0.43
0.38
0.66
0.77
0.58
0.45
0.8
1.06
0.96
0.74
0.82
0.9
0.69
0.5
0.51
0.54
0.34
0.12
0.2
0.5
0.5
0.21
0.07
0.24
0.37
0.27
0.17
0.26
0.41
0.18
-2.62
0.08
0.34
0.22
-2.6
-2.6
0.24
0.37
0.24
0.18
0.33
0.43
0.38
0.27
0.42
0.66
0.6
0.45
0.5
0.8
0.88
0.73
0.64
0.72
0.73
0.65
0.73
1.01
1.21
0.99
0.71
0.84
1.14
0.99
0.69
0.75
1.05
1.03
0.7
0.48
0.6
0.88
0.84
0.56
0.51
0.73
0.69
0.43
0.49
0.75
0.83
0.72
0.76
1.05
1.06
0.69
0.44
0.64
0.84
0.68
0.41
0.51
0.75
0.76
0.59
0.61
0.84
0.82
0.55
0.5
0.67
0.68
0.52
0.48
0.74
0.98
0.73
0.33
0.33
0.61
0.58
0.39
0.38
0.58
0.68
0.41
0.24
0.42
0.59
0.52
0.34
0.28
0.57
0.71
0.55
0.44
0.61
0.72
0.51
0.36
0.59
0.9
0.81
0.55
0.45
0.55
0.57
0.53
0.57
0.66
0.57
0.4
0.39
0.66
0.83
0.6
0.25
0.22
0.41
0.36
0.16
0.11
0.37
0.39
0.25
0.33
0.53
0.49
0.19
0.07
0.34
0.55
0.41
0.29
0.36
0.45
0.35
0.23
0.4
0.58
0.41
0.09
0.11
0.5
0.66
0.38
0.09
0.13
0.33
0.24
0.12
0.27
0.59
0.6
0.37
0.24
0.42
0.57
0.32
0.03
0.23
0.57
0.66
0.58
0.65
0.69
0.51
0.19
0.21
0.53
0.55
0.38
0.41
0.73
0.81
0.51
0.28
0.36
0.49
0.34
0.2
0.32
0.56
0.44
0.1
0.0
0.16
0.21
0.03
-2.59
0.19
0.29
0.13
0.03
0.26
0.55
0.48
0.2
0.23
0.53
0.55
0.25
0.08
0.35
0.56
0.38
0.21
0.4
0.65
0.58
0.5
0.55
0.64
0.48
0.38
0.55
0.83
0.77
0.5
0.48
0.83
0.85
0.42
0.22
0.42
0.73
0.69
0.41
0.35
0.59
0.76
0.73
0.72
0.86
0.88
0.68
0.5
0.67
0.88
0.81
0.68
0.85
1.04
0.89
0.57
0.49
0.64
0.55
0.33
0.34
0.67
0.85
0.72
0.61
0.72
0.8
0.57
0.25
0.23
0.44
0.53
0.44
0.48
0.66
0.71
0.43
0.25
0.51
0.7
0.48
0.28
0.51
0.81
0.73
0.43
0.27
0.44
0.57
0.38
0.27
0.54
0.69
0.54
0.41
0.59
0.82
0.58
0.26
0.34
0.67
0.69
0.48
0.49
0.69
0.68
0.49
0.52
0.81
0.93
0.74
0.6
0.75
1.05
0.97
0.66
0.56
0.8
0.82
0.57
0.49
0.7
0.82
0.56
0.35
0.41
0.6
0.58
0.41
0.43
0.66
0.67
0.51
0.54
0.77
0.77
0.55
0.51
0.74
0.88
0.71
0.42
0.37
0.5
0.4
0.2
0.27
0.57
0.65
0.41
0.34
0.56
0.64
0.38
0.29
0.51
0.6
0.4
0.26
0.5
0.77
0.6
0.25
0.19
0.41
0.42
0.19
0.12
0.5
0.71
0.42
0.17
0.26
0.55
0.53
0.28
0.33
0.6
0.65
0.51
0.48
0.69
0.8
0.59
0.45
0.51
0.67
0.6
0.49
0.49
0.66
0.61
0.39
0.36
0.61
0.81
0.64
0.43
0.52
0.53
0.24
0.1
0.4
0.74
0.61
0.29
0.27
0.53
0.54
0.28
0.16
0.36
0.44
0.22
0.1
0.32
0.43
0.35
0.12
0.06
0.28
0.33
0.17
0.27
0.68
0.66
0.29
0.23
0.56
0.76
0.59
0.4
0.49
0.67
0.65
0.55
0.68
0.99
1.03
0.76
0.64
0.82
1.04
1.05
1.02
1.18
-1.23
1.13
0.86
0.92
1.19
1.09
0.8
0.75
0.99
1.01
0.6
0.22
0.35
0.57
0.51
0.37
0.5
0.8
0.68
0.4
0.41
0.58
0.5
0.07
-2.57
0.33
0.49
0.33
0.23
0.38
0.5
0.32
0.03
0.07
0.4
0.49
0.22
0.12
0.49
0.65
0.39
0.21
0.29
0.41
0.24
0.09
0.34
0.57
0.53
0.32
0.32
0.65
0.8
0.65
0.5
0.53
0.67
0.61
0.4
0.39
0.58
0.61
0.58
0.57
0.64
0.53
0.36
0.29
0.53
0.67
0.48
0.36
0.51
0.57
0.33
0.06
0.16
0.48
0.43
0.21
0.23
0.42
0.39
0.19
0.16
0.39
0.55
0.33
0.25
0.53
0.7
0.53
0.27
0.33
0.59
0.59
0.43
0.45
0.68
0.59
0.25
0.21
0.44
0.48
0.33
0.41
0.8
1.07
0.88
0.55
0.58
0.84
0.72
0.39
0.28
0.49
0.58
0.44
0.37
0.56
0.71
0.59
0.51
0.57
0.69
0.52
0.21
0.23
0.53
0.53
0.38
0.39
0.53
0.6
0.49
0.36
0.53
0.85
0.77
0.51
0.45
0.64
0.66
0.52
0.52
0.57
0.48
0.29
0.33
0.58
0.75
0.67
0.65
0.88
1.12
0.93
0.65
0.66
0.98
1.09
0.84
0.64
0.81
0.96
0.76
0.64
0.75
0.93
0.85
0.66
0.7
0.91
0.82
0.52
0.49
0.77
0.76
0.58
0.53
0.6
0.67
0.45
0.35
0.55
0.82
0.75
0.64
0.7
0.89
0.8
0.49
0.41
0.59
0.68
0.44
0.33
0.52
0.76
0.8
0.65
0.57
0.72
0.7
0.5
0.49
0.73
0.87
0.71
0.48
0.41
0.49
0.28
0.06
0.25
0.59
0.54
0.21
0.17
0.45
0.6
0.49
0.4
0.64
0.72
0.51
0.26
0.43
0.75
0.67
0.36
0.27
0.55
0.7
0.67
0.74
0.97
0.85
0.54
0.38
0.49
0.51
0.35
0.24
0.45
0.77
0.69
0.5
0.61
0.96
1.04
0.67
0.38
0.53
0.65
0.39
0.32
0.64
0.87
0.59
0.25
0.4
0.88
0.97
0.6
0.5
0.69
0.66
0.41
0.32
0.54
0.81
0.71
0.42
0.49
0.73
0.67
0.38
0.34
0.74
0.97
0.72
0.56
0.67
0.59
0.38
0.36
0.55
0.82
0.67
0.33
0.41
0.82
0.81
0.53
0.5
0.73
0.75
0.41
0.19
0.28
0.42
0.34
0.22
0.28
0.56
0.57
0.36
0.37
0.69
0.84
0.73
0.73
0.96
0.98
0.69
0.49
0.56
0.72
0.57
0.27
0.26
0.39
0.29
0.02
-2.58
0.33
0.43
0.24
0.24
0.5
0.6
0.38
0.21
0.38
0.57
0.41
0.21
0.28
0.5
0.42
0.21
0.24
0.51
0.49
0.19
0.08
0.26
0.36
0.17
0.04
0.24
0.64
0.72
0.55
0.36
0.48
0.53
0.34
0.26
0.49
0.53
0.25
0.23
0.49
0.81
0.8
0.58
0.64
0.89
0.83
0.41
0.24
0.5
0.6
0.36
0.13
0.27
0.48
0.39
0.22
0.26
0.42
0.21
-2.79
-2.97
-2.62
0.18
0.04
0.01
0.35
0.64
0.58
0.52
0.68
0.98
0.85
0.52
0.58
0.86
0.84
0.58
0.52
0.87
1.09
0.96
0.8
0.97
1.21
1.16
0.99
1.08
-1.25
1.17
0.81
0.59
0.61
0.56
0.4
0.48
0.83
0.97
0.54
0.09
0.19
0.55
0.6
0.42
0.37
0.43
0.36
0.21
0.23
0.48
0.6
0.48
0.41
0.66
0.83
0.58
0.29
0.27
0.42
0.41
0.27
0.4
0.73
0.73
0.48
0.39
0.55
0.68
0.43
0.24
0.33
0.42
0.33
0.11
0.12
0.35
0.41
0.27
0.23
0.45
0.69
0.53
0.42
0.76
1.03
0.75
0.38
0.41
0.68
0.66
0.43
0.28
0.39
0.53
0.55
0.6
0.66
0.6
0.5
0.35
0.51
0.73
0.54
0.24
0.28
0.6
0.6
0.33
0.27
0.57
0.72
0.44
0.24
0.49
0.81
0.68
0.4
0.52
0.84
0.91
0.75
0.66
0.76
0.68
0.32
0.16
0.38
0.58
0.37
0.09
0.12
0.4
0.39
0.17
0.13
0.39
0.33
0.01
-2.61
0.18
0.33
0.11
-2.73
-2.77
-2.62
-2.62
-2.62
0.1
0.37
0.32
0.05
0.1
0.39
0.42
0.18
0.17
0.48
0.68
0.49
0.33
0.44
0.71
0.57
0.34
0.44
0.82
0.86
0.68
0.6
0.74
0.84
0.73
0.71
0.91
1.03
0.76
0.5
0.66
1.04
1.0
0.65
0.55
0.87
0.98
0.6
0.32
0.44
0.66
0.54
0.35
0.4
0.55
0.54
0.51
0.58
0.68
0.48
0.17
0.16
0.5
0.74
0.5
0.26
0.43
0.55
0.24
-2.63
0.05
0.57
0.69
0.43
0.4
0.7
0.86
0.71
0.51
0.6
0.82
0.72
0.57
0.65
0.86
0.81
0.59
0.66
0.89
0.9
0.74
0.69
0.86
0.91
0.68
0.54
0.68
0.75
0.56
0.35
0.43
0.77
0.81
0.53
0.5
0.82
0.97
0.69
0.66
1.0
-1.19
1.25
0.8
0.69
1.12
-1.25
1.23
1.24
-1.28
-1.21
-1.07
-0.83
-0.68
-0.58
-0.48
-0.43
-0.22
2.56
-0.07
-0.06
2.92
3.56
3.64
3.16
2.9
3.0
2.98
2.76
2.58
2.6
-0.07
-0.43
-0.68
-0.45
-0.25
-0.57
-1.04
-1.23
-1.21
1.18
0.9
0.81
0.87
0.81
0.48
0.22
0.36
0.5
0.18
-2.83
-3.05
-3.08
-3.27
-3.55
-3.6
-3.44
-3.61
-1.61
-1.89
-1.72
-1.54
-1.66
-1.67
-1.35
-3.58
-3.64
-1.31
-3.76
-3.44
-3.46
-3.76
-1.34
-3.66
-3.57
-3.75
-3.81
-3.61
-3.44
-3.58
-1.29
-3.79
-3.49
-3.39
-3.48
-3.41
-3.1
-3.05
-3.32
-3.41
-3.12
-2.97
-3.21
-3.33
-3.12
-2.81
-2.84
-3.1
-3.09
-2.82
-2.82
-3.0
-2.94
-2.65
-2.64
-2.94
-3.06
-2.75
0.17
0.11
-2.67
-2.67
0.08
0.03
-2.63
0.09
0.34
0.22
-2.66
-2.81
-2.61
0.2
0.16
0.0
0.13
0.49
0.56
0.48
0.56
0.87
0.89
0.59
0.5
0.81
1.04
0.93
0.81
0.83
0.87
0.64
0.43
0.54
0.71
0.49
0.25
0.37
0.67
0.66
0.36
0.25
0.39
0.44
0.25
0.23
0.5
0.8
0.69
0.45
0.55
0.75
0.59
0.23
0.02
0.11
0.34
0.48
0.56
0.68
0.84
0.81
0.67
0.73
0.98
0.98
0.9
1.04
-1.27
1.22
0.88
0.72
0.97
1.21
1.15
0.99
1.08
1.22
1.14
1.01
1.01
1.09
0.92
0.73
0.87
1.21
-1.28
0.96
0.74
0.91
1.12
0.97
0.67
0.73
1.05
1.02
0.82
0.8
0.99
0.97
0.64
0.43
0.59
0.76
0.56
0.37
0.53
0.74
0.73
0.64
0.81
1.13
1.04
0.68
0.66
1.05
1.23
1.05
0.91
0.98
1.02
0.83
0.6
0.81
1.03
0.77
0.33
0.24
0.64
0.87
0.82
0.71
0.83
0.93
0.83
0.68
0.82
1.02
0.84
0.54
0.52
0.64
0.52
0.19
0.06
0.26
0.4
0.13
-2.66
0.01
0.16
0.02
-2.67
0.08
0.41
0.44
0.28
0.36
0.66
0.71
0.56
0.53
0.74
0.96
0.81
0.51
0.54
0.83
0.84
0.68
0.76
1.01
0.92
0.68
0.69
0.97
1.08
0.81
0.5
0.58
0.72
0.55
0.4
0.56
0.81
0.74
0.5
0.43
0.6
0.54
0.23
0.05
0.21
0.38
0.32
0.23
0.39
0.6
0.5
0.23
0.21
0.4
0.5
0.35
0.21
0.38
0.45
0.26
0.21
0.4
0.64
0.76
0.75
0.83
0.88
0.73
0.51
0.45
0.61
0.57
0.29
0.32
0.68
0.81
0.5
0.29
0.39
0.45
0.36
0.2
0.28
0.43
0.22
-2.65
-2.63
0.24
0.34
0.12
0.07
0.38
0.64
0.42
0.17
0.28
0.49
0.34
0.1
0.2
0.54
0.66
0.49
0.48
0.68
0.66
0.37
0.16
0.34
0.59
0.55
0.4
0.51
0.67
0.55
0.33
0.25
0.39
0.4
0.18
0.09
0.42
0.69
0.5
0.23
0.38
0.69
0.61
0.4
0.38
0.59
0.68
0.49
0.37
0.61
0.82
0.66
0.52
0.76
1.12
1.05
0.77
0.73
0.89
0.91
0.74
0.61
0.75
0.77
0.6
0.57
0.82
0.97
0.77
0.55
0.58
0.75
0.74
0.57
0.56
0.72
0.71
0.53
0.33
0.4
0.57
0.51
0.4
0.56
0.71
0.56
0.44
0.65
0.97
0.99
0.75
0.7
0.89
0.92
0.66
0.43
0.57
0.77
0.61
0.4
0.48
0.6
0.57
0.49
0.56
0.73
0.59
0.38
0.32
0.38
0.4
0.22
0.05
0.18
0.33
0.19
0.02
0.09
0.29
0.27
0.19
0.24
0.4
0.41
0.17
-2.61
-2.57
0.09
0.0
0.01
0.34
0.56
0.36
0.02
0.01
0.36
0.45
0.12
-2.58
0.25
0.54
0.52
0.35
0.4
0.5
0.48
0.49
0.58
0.85
0.83
0.56
0.5
0.7
0.82
0.73
0.66
0.81
0.93
0.73
0.44
0.54
0.87
0.82
0.49
0.41
0.65
0.7
0.54
0.5
0.64
0.54
0.22
0.08
0.39
0.74
0.71
0.52
0.52
0.71
0.69
0.36
0.18
0.35
0.49
0.4
0.37
0.55
0.65
0.51
0.42
0.67
0.91
0.76
0.58
0.67
1.01
1.07
0.86
0.77
0.9
0.99
0.92
0.88
1.04
1.17
0.92
0.6
0.59
0.74
0.64
0.43
0.53
0.75
0.71
0.48
0.43
0.74
1.05
0.8
0.51
0.68
0.91
0.77
0.49
0.39
0.65
0.68
0.35
0.2
0.44
0.72
0.6
0.43
0.48
0.56
0.35
0.08
0.19
0.35
0.21
0.07
0.2
0.42
0.53
0.48
0.43
0.67
0.75
0.55
0.45
0.61
0.84
0.81
0.69
0.73
0.97
0.88
0.67
0.65
0.98
1.09
0.77
0.53
0.72
0.93
0.76
0.44
0.44
0.65
0.54
0.34
0.37
0.65
0.64
0.28
0.2
0.44
0.69
0.58
0.43
0.65
0.87
0.71
0.48
0.56
0.88
0.84
0.43
0.25
0.53
0.67
0.52
0.36
0.53
0.82
0.8
0.53
0.49
0.57
0.51
0.4
0.44
0.65
0.54
0.24
0.12
0.25
0.33
0.17
0.04
0.25
0.59
0.66
0.56
0.64
0.83
0.73
0.39
0.21
0.48
0.67
0.42
0.24
0.33
0.44
0.32
0.09
0.19
0.43
0.45
0.36
0.51
0.88
0.91
0.64
0.45
0.49
0.52
0.41
0.4
0.61
0.85
0.67
0.42
0.53
0.87
0.87
0.53
0.42
0.73
0.92
0.69
0.42
0.58
0.83
0.74
0.56
0.58
0.82
0.72
0.48
0.41
0.65
0.72
0.56
0.48
0.54
0.59
0.35
0.05
0.06
0.28
0.24
-2.57
0.02
0.29
0.35
0.18
0.21
0.45
0.5
0.28
0.24
0.57
0.87
0.69
0.45
0.6
0.93
0.89
0.56
0.34
0.43
0.42
0.12
-2.61
0.07
0.2
0.03
-2.67
0.0
0.32
0.89
0.6
0.4
0.67
0.97
0.76
0.49
0.58
0.88
0.75
0.39
0.24
0.41
0.51
0.36
0.35
0.69
0.88
0.65
0.38
0.42
0.61
0.52
0.23
0.27
0.68
0.73
0.38
0.26
0.44
0.49
0.34
0.21
0.38
0.64
0.55
0.38
0.44
0.7
0.7
0.4
0.22
0.27
0.32
0.13
0.17
0.44
0.64
0.43
0.21
0.37
0.64
0.45
0.28
0.44
0.84
0.93
0.69
0.57
0.8
0.91
0.69
0.49
0.61
0.7
0.48
0.24
0.22
0.42
0.51
0.35
0.32
0.56
0.71
0.68
0.65
0.71
0.72
0.43
0.23
0.32
0.52
0.42
0.27
0.42
0.74
0.76
0.58
0.53
0.68
0.72
0.5
0.34
0.53
0.66
0.44
0.16
0.25
0.61
0.64
0.27
0.09
0.28
0.39
0.21
0.1
0.39
0.66
0.5
0.27
0.4
0.74
0.69
0.38
0.36
0.72
0.8
0.64
0.65
0.84
0.91
0.58
0.19
0.17
0.38
0.41
0.4
0.48
0.55
0.37
0.18
0.36
0.68
0.64
0.33
0.35
0.73
0.74
0.39
0.18
0.33
0.57
0.54
0.42
0.55
0.89
0.88
0.55
0.41
0.69
0.85
0.65
0.5
0.68
0.86
0.72
0.54
0.57
0.81
0.82
0.52
0.39
0.67
0.83
0.54
0.41
0.7
0.87
0.76
0.55
0.44
0.64
0.69
0.68
0.83
1.0
0.87
0.51
0.34
0.55
0.66
0.5
0.49
0.65
0.72
0.56
0.53
0.81
1.07
0.84
0.4
0.18
0.26
0.27
0.11
0.12
0.41
0.65
0.56
0.39
0.48
0.55
0.35
0.23
0.5
0.81
0.69
0.4
0.39
0.69
0.7
0.4
0.24
0.49
0.8
0.67
0.33
0.28
0.52
0.53
0.33
0.26
0.52
0.55
0.26
0.24
0.64
0.87
0.74
0.59
0.85
1.19
1.08
0.8
0.75
0.97
0.85
0.64
0.69
1.04
1.06
0.88
0.71
0.75
0.76
0.51
0.26
0.41
0.69
0.55
0.2
0.07
0.24
0.28
0.16
0.04
0.16
0.2
0.06
0.17
0.54
0.84
0.81
0.57
0.58
0.68
0.64
0.55
0.56
0.71
0.74
0.56
0.41
0.43
0.44
0.21
0.12
0.29
0.52
0.42
0.21
0.34
0.64
0.64
0.39
0.23
0.41
0.59
0.37
0.18
0.5
0.88
0.74
0.33
0.17
0.44
0.55
0.28
0.08
0.26
0.41
0.21
-2.59
0.0
0.17
0.17
0.08
0.12
0.29
0.22
0.09
0.13
0.44
0.56
0.26
0.04
0.25
0.58
0.5
0.26
0.37
0.64
0.64
0.42
0.4
0.58
0.49
0.17
0.17
0.54
0.66
0.39
0.24
0.44
0.64
0.42
0.27
0.44
0.68
0.57
0.36
0.35
0.59
0.76
0.64
0.56
0.76
0.89
0.67
0.4
0.5
0.68
0.42
0.08
0.09
0.4
0.44
0.29
0.22
0.4
0.45
0.2
0.04
0.2
0.27
0.08
-2.58
0.18
0.51
0.38
0.05
0.04
0.28
0.37
0.19
0.09
0.27
0.4
0.2
-2.58
0.04
0.22
0.22
0.18
0.33
0.49
0.36
0.05
0.02
0.34
0.51
0.35
0.24
0.54
0.76
0.55
0.36
0.51
0.83
0.77
0.49
0.37
0.6
0.73
0.51
0.12
0.18
0.39
0.4
0.44
0.67
0.82
0.59
0.48
0.85
1.08
0.89
0.71
0.72
1.09
-1.11
-1.24
1.05
1.18
-1.12
-1.18
-1.26
-1.02
-0.68
-0.43
-0.47
-0.48
-0.04
2.95
3.06
3.15
3.62
1.46
1.67
1.86
2.13
2.41
2.26
1.99
2.0
2.13
1.88
1.51
1.46
1.56
1.3
3.42
3.28
3.52
3.54
3.07
2.79
2.9
2.93
-0.04
-0.61
-0.76
-0.44
-0.27
-0.48
-0.76
-0.8
-0.78
-1.04
-1.26
-1.15
-1.07
1.13
0.82
0.81
0.9
0.76
0.39
0.21
0.36
0.35
0.06
-2.67
0.01
0.06
-2.76
-2.95
-2.83
-2.66
-2.8
-3.01
-2.96
-2.69
-2.77
-3.12
-3.25
-3.06
-3.06
-3.41
-3.74
-3.81
-1.3
-1.47
-1.58
-1.45
-1.38
-1.82
-2.38
-2.52
-2.25
-2.11
-2.43
-5.39
-5.48
-5.41
-5.56
-5.67
-5.47
-5.23
-5.37
-5.57
-5.57
-5.34
-5.22
-5.34
-5.34
-5.16
-2.51
-5.18
-5.17
-2.35
-2.22
-2.45
-5.18
-2.45
-2.12
-2.16
-2.5
-2.47
-2.03
-1.77
-1.85
-1.96
-1.79
-1.47
-1.4
-1.47
-1.32
-3.72
-1.29
-1.48
-1.4
-3.65
-3.57
-3.75
-3.73
-3.37
-3.22
-3.41
-3.54
-3.43
-3.29
-3.31
-3.38
-3.18
-2.81
-2.74
-2.81
-2.66
0.2
0.22
-2.64
-2.78
0.12
0.54
0.55
0.36
0.38
0.5
0.43
0.39
0.51
0.7
0.57
0.25
0.22
0.5
0.65
0.52
0.51
0.82
0.98
0.7
0.56
0.71
0.97
0.97
0.74
0.64
0.81
0.96
0.75
0.51
0.58
0.72
0.61
0.54
0.74
1.03
1.01
0.86
0.97
1.25
1.23
1.0
0.99
-1.22
-0.96
-1.21
1.16
-1.23
-0.99
-1.1
-1.27
-1.19
-0.9
-0.93
-1.17
-1.15
-0.87
-0.76
-0.93
-1.05
-0.9
-0.86
-1.18
1.14
1.19
-1.22
-1.2
-1.19
-1.08
-1.0
-1.1
1.17
1.04
1.22
-1.23
1.12
0.91
1.02
1.18
1.06
0.93
0.93
1.01
0.85
0.74
0.96
1.24
1.23
0.96
0.75
0.91
1.04
0.84
0.65
0.7
0.88
0.86
0.73
0.81
1.13
1.24
1.06
0.96
1.18
-1.2
1.21
1.13
-1.17
-0.93
-1.12
1.19
1.23
-1.1
-1.28
0.97
0.9
1.0
0.96
0.74
0.64
0.77
0.74
0.39
0.23
0.55
0.84
0.65
0.36
0.43
0.7
0.59
0.33
0.27
0.56
0.7
0.66
0.59
0.82
1.12
1.02
0.86
1.0
1.22
1.06
0.72
0.68
0.93
0.99
0.72
0.58
0.82
1.13
1.14
1.03
1.08
1.08
0.77
0.55
0.67
0.93
0.88
0.5
0.32
0.54
0.72
0.5
0.21
0.35
0.65
0.57
0.45
0.55
0.57
0.32
0.05
0.09
0.37
0.45
0.28
0.13
0.32
0.45
0.41
0.4
0.53
0.65
0.58
0.38
0.39
0.57
0.55
0.28
0.22
0.52
0.77
0.69
0.58
0.71
0.86
0.76
0.64
0.75
1.0
0.88
0.56
0.49
0.7
0.74
0.59
0.58
0.74
0.82
0.6
0.51
0.69
0.89
0.83
0.53
0.37
0.58
0.72
0.67
0.66
0.8
0.75
0.53
0.5
0.77
0.99
0.73
0.41
0.39
0.67
0.73
0.57
0.54
0.7
0.65
0.37
0.37
0.72
0.86
0.65
0.44
0.61
0.86
0.68
0.34
0.37
0.77
0.96
0.82
0.81
1.05
1.22
1.05
0.88
0.97
1.02
0.83
0.7
0.9
1.22
1.22
0.91
0.75
0.85
0.82
0.69
0.65
0.72
0.7
0.51
0.43
0.68
0.81
0.6
0.38
0.44
0.81
0.91
0.67
0.57
0.74
0.73
0.39
0.33
0.65
0.75
0.49
0.26
0.48
0.81
0.74
0.51
0.51
0.8
0.86
0.6
0.5
0.76
1.06
1.0
0.76
0.73
0.73
0.58
0.4
0.37
0.59
0.69
0.52
0.36
0.49
0.54
0.38
0.32
0.45
0.61
0.56
0.5
0.67
0.96
0.98
0.73
0.71
0.96
1.01
0.83
0.65
0.69
0.81
0.68
0.49
0.65
0.91
0.85
0.54
0.5
0.72
0.75
0.52
0.38
0.49
0.45
0.25
0.16
0.29
0.43
0.25
0.07
0.18
0.37
0.26
0.03
0.11
0.43
0.43
0.19
0.19
0.52
0.81
0.68
0.45
0.52
0.65
0.5
0.38
0.54
0.75
0.73
0.56
0.55
0.8
0.81
0.54
0.45
0.67
0.87
0.74
0.49
0.5
0.7
0.64
0.37
0.27
0.42
0.38
0.12
0.0
0.17
0.26
0.07
-2.67
0.0
0.18
-2.59
-2.78
-2.58
0.33
0.35
0.16
0.1
0.35
0.53
0.26
0.04
0.26
0.64
0.6
0.4
0.43
0.73
0.71
0.5
0.43
0.68
0.81
0.6
0.43
0.65
0.74
0.41
0.24
0.43
0.71
0.71
0.64
0.69
0.82
0.61
0.25
0.17
0.4
0.56
0.49
0.42
0.57
0.56
0.24
0.01
0.12
0.37
0.29
0.07
0.08
0.32
0.38
0.2
0.2
0.41
0.48
0.28
0.25
0.44
0.69
0.56
0.33
0.33
0.54
0.51
0.37
0.54
0.92
1.02
0.69
0.41
0.5
0.71
0.64
0.44
0.65
0.93
1.0
0.97
0.92
0.89
0.66
0.37
0.25
0.41
0.5
0.23
-2.57
0.06
0.23
0.05
-2.73
-2.6
0.28
0.33
0.1
0.07
0.39
0.67
0.53
0.32
0.41
0.61
0.55
0.43
0.49
0.6
0.56
0.4
0.4
0.64
0.68
0.48
0.38
0.61
0.8
0.6
0.43
0.66
0.85
0.71
0.41
0.27
0.37
0.35
0.25
0.34
0.55
0.58
0.44
0.4
0.55
0.6
0.33
0.02
0.17
0.55
0.53
0.22
0.16
0.43
0.6
0.45
0.35
0.44
0.39
0.08
-2.59
0.23
0.54
0.5
0.44
0.69
0.89
0.67
0.35
0.44
0.76
0.81
0.48
0.25
0.48
0.69
0.52
0.35
0.5
0.68
0.51
0.18
0.2
0.59
0.73
0.55
0.43
0.59
0.61
0.44
0.43
0.72
0.96
0.71
0.41
0.43
0.64
0.61
0.42
0.37
0.53
0.55
0.38
0.35
0.6
0.81
0.61
0.5
0.71
1.02
1.0
0.67
0.56
0.75
0.76
0.53
0.39
0.58
0.74
0.55
0.33
0.44
0.72
0.64
0.39
0.37
0.49
0.35
0.04
-2.59
0.25
0.41
0.21
0.1
0.44
0.77
0.64
0.44
0.55
0.77
0.72
0.48
0.39
0.6
0.66
0.51
0.53
0.8
0.91
0.68
0.43
0.57
0.77
0.57
0.32
0.28
0.54
0.59
0.48
0.6
0.86
0.81
0.53
0.39
0.53
0.51
0.26
0.2
0.43
0.66
0.41
0.06
0.17
0.58
0.7
0.48
0.36
0.55
0.7
0.49
0.24
0.43
0.69
0.56
0.35
0.54
0.96
0.91
0.52
0.41
0.7
0.75
0.54
0.48
0.69
0.96
0.8
0.45
0.4
0.53
0.48
0.33
0.36
0.57
0.57
0.36
0.22
0.34
0.43
0.35
0.22
0.39
0.54
0.21
-2.6
0.12
0.49
0.42
0.16
0.09
0.26
0.28
0.13
0.09
0.28
0.38
0.1
-2.63
0.19
0.57
0.56
0.28
0.23
0.49
0.68
0.59
0.55
0.71
0.91
0.86
0.73
0.8
0.86
0.8
0.7
0.67
0.86
0.91
0.72
0.75
0.96
0.9
0.65
0.5
0.68
0.84
0.6
0.4
0.54
0.8
0.71
0.56
0.64
0.74
0.54
0.19
0.08
0.38
0.68
0.64
0.45
0.49
0.68
0.72
0.65
0.67
0.82
0.77
0.59
0.59
0.87
0.96
0.74
0.71
0.99
1.12
0.92
0.77
0.82
0.87
0.66
0.34
0.34
0.69
0.86
0.8
0.71
0.75
0.74
0.55
0.41
0.52
0.69
0.51
0.19
0.17
0.39
0.4
0.26
0.29
0.56
0.65
0.38
0.27
0.53
0.64
0.29
0.08
0.27
0.55
0.41
0.12
0.19
0.59
0.65
0.26
0.06
0.18
0.22
0.08
0.05
0.23
0.51
0.44
0.24
0.33
0.67
0.76
0.58
0.54
0.75
0.77
0.54
0.53
0.89
1.15
0.93
0.65
0.67
0.88
0.89
0.67
0.52
0.64
0.75
0.72
0.75
0.91
0.81
0.41
0.35
0.64
0.84
0.67
0.51
0.6
0.68
0.57
0.44
0.42
0.53
0.5
0.22
0.11
0.48
0.75
0.6
0.4
0.44
0.59
0.5
0.34
0.28
0.56
0.75
0.69
0.61
0.68
0.74
0.6
0.52
0.7
1.02
0.93
0.77
0.84
1.0
0.87
0.51
0.41
0.66
0.75
0.55
0.42
0.56
0.64
0.44
0.34
0.57
0.8
0.64
0.38
0.33
0.55
0.59
0.39
0.43
0.74
0.76
0.56
0.49
0.6
0.68
0.44
0.35
0.55
0.91
1.01
0.81
0.55
0.56
0.7
0.65
0.54
0.57
0.59
0.4
0.26
0.43
0.8
0.81
0.56
0.43
0.53
0.57
0.42
0.36
0.51
0.56
0.39
0.35
0.64
0.9
0.74
0.49
0.52
0.69
0.51
0.08
0.06
0.44
0.53
0.25
0.18
0.5
0.66
0.4
0.22
0.29
0.55
0.55
0.34
0.37
0.64
0.64
0.41
0.37
0.52
0.6
0.51
0.48
0.73
0.97
0.81
0.56
0.6
0.8
0.69
0.34
0.16
0.37
0.52
0.39
0.35
0.54
0.6
0.33
0.07
0.18
0.43
0.42
0.38
0.44
0.6
0.54
0.34
0.34
0.67
0.81
0.56
0.35
0.5
0.61
0.43
0.17
0.12
0.33
0.35
0.21
0.33
0.58
0.54
0.21
0.05
0.26
0.5
0.33
0.07
0.19
0.4
0.33
0.11
0.09
0.32
0.43
0.37
0.28
0.41
0.5
0.25
0.1
0.28
0.52
0.49
0.36
0.42
0.64
0.53
0.26
0.23
0.42
0.44
0.23
0.16
0.39
0.69
0.69
0.58
0.72
0.96
0.88
0.75
0.89
1.06
0.88
0.6
0.45
0.45
0.36
0.11
0.16
0.53
0.97
1.12
0.87
0.57
0.68
1.01
1.18
1.24
-0.85
-0.75
-1.22
1.07
-1.19
-0.87
-0.84
-0.63
-0.21
2.73
2.78
2.92
3.44
1.52
1.64
3.79
3.55
3.68
3.65
3.24
2.95
3.14
3.28
2.98
-0.09
-0.3
-0.15
-0.07
-0.2
-0.37
-0.4
-0.57
-0.94
-1.19
-1.19
1.17
0.54
0.08
0.11
0.2
-2.66
-3.23
-3.6
-3.71
-3.73
-1.29
-1.34
-1.39
-1.72
-2.12
-2.12
-1.73
-1.56
-1.88
-2.27
-2.33
-2.17
-2.02
-1.83
-1.62
-1.39
-1.39
-1.56
-1.53
-1.4
-1.48
-1.73
-1.89
-1.66
-1.31
-1.29
-1.48
-1.47
-3.75
-3.75
-1.41
-1.49
-1.32
-3.75
-3.81
-1.34
-3.71
-3.4
-3.38
-3.42
-3.3
-3.25
-3.49
-3.74
-3.58
-3.17
-3.11
-3.47
-3.62
-3.23
-2.91
-3.05
-3.08
-2.74
0.19
0.07
-2.78
-2.78
-2.59
-2.64
-2.83
-2.77
0.04
0.07
-2.66
-2.61
0.26
0.42
0.17
0.0
0.24
0.66
0.73
0.55
0.5
0.61
0.6
0.42
0.38
0.5
0.53
0.42
0.44
0.71
0.91
0.73
0.51
0.53
0.76
0.81
0.64
0.65
0.8
0.75
0.58
0.56
0.74
0.82
0.59
0.38
0.49
0.8
0.8
0.68
0.81
1.01
0.97
0.68
0.56
0.76
0.99
0.93
0.87
1.02
-1.28
1.23
1.04
0.96
1.07
1.04
0.85
0.75
0.96
1.17
1.13
0.99
1.16
-1.17
-1.26
0.97
0.92
1.2
1.24
1.0
0.87
1.04
1.16
0.93
0.72
0.85
1.07
1.03
0.89
0.97
1.06
0.87
0.65
0.7
0.96
0.89
0.71
0.69
0.81
0.83
0.58
0.41
0.58
0.84
0.85
0.6
0.68
1.04
1.03
0.64
0.44
0.67
0.77
0.58
0.41
0.51
0.57
0.44
0.4
0.52
0.73
0.72
0.61
0.73
0.89
0.82
0.66
0.6
0.8
0.86
0.71
0.6
0.82
1.0
0.81
0.5
0.51
0.72
0.72
0.67
0.75
0.91
0.85
0.48
0.32
0.69
1.05
1.0
0.81
0.81
0.91
0.8
0.54
0.55
0.72
0.72
0.55
0.55
0.8
0.86
0.66
0.57
0.83
1.04
0.81
0.5
0.55
0.82
0.87
0.8
0.67
0.69
0.67
0.53
0.49
0.64
0.73
0.64
0.49
0.58
0.83
0.68
0.34
0.35
0.71
0.76
0.5
0.38
0.66
0.76
0.58
0.39
0.55
0.81
0.59
0.34
0.39
0.69
0.69
0.33
0.19
0.42
0.51
0.27
0.21
0.49
0.69
0.6
0.44
0.58
0.84
0.8
0.57
0.53
0.61
0.61
0.45
0.41
0.65
0.73
0.6
0.49
0.58
0.72
0.55
0.38
0.53
0.75
0.59
0.34
0.39
0.58
0.52
0.37
0.4
0.65
0.75
0.57
0.41
0.64
0.86
0.58
0.22
0.22
0.42
0.34
0.05
-2.6
0.07
0.08
-2.63
-2.68
0.08
0.39
0.48
0.39
0.43
0.65
0.64
0.54
0.68
1.0
1.03
0.69
0.5
0.74
0.88
0.74
0.65
0.72
0.81
0.56
0.25
0.22
0.49
0.57
0.54
0.56
0.74
0.71
0.36
0.19
0.35
0.49
0.43
0.39
0.55
0.74
0.64
0.27
0.24
0.5
0.57
0.49
0.38
0.36
0.37
0.19
0.05
0.24
0.55
0.55
0.41
0.43
0.57
0.48
0.21
0.16
0.43
0.61
0.52
0.39
0.52
0.73
0.64
0.5
0.66
0.99
1.03
0.71
0.51
0.65
0.68
0.42
0.28
0.43
0.56
0.48
0.26
0.26
0.38
0.22
0.03
0.18
0.54
0.6
0.48
0.43
0.55
0.41
0.09
-2.58
0.1
0.27
0.17
0.02
0.2
0.52
0.49
0.26
0.28
0.57
0.72
0.5
0.4
0.69
0.93
0.86
0.7
0.82
1.15
1.22
1.05
0.87
0.87
0.85
0.75
0.67
0.81
0.86
0.76
0.81
0.93
0.96
0.7
0.57
0.67
0.74
0.52
0.28
0.4
0.73
0.71
0.32
0.04
0.2
0.39
0.29
0.2
0.33
0.5
0.4
0.23
0.19
0.34
0.45
0.45
0.61
1.02
1.09
0.68
0.44
0.73
0.99
0.86
0.64
0.64
0.86
0.93
0.86
0.87
1.15
1.19
0.98
0.88
1.16
1.25
0.96
0.72
0.83
0.92
0.65
0.33
0.48
0.88
1.04
0.91
0.73
0.72
0.64
0.35
0.27
0.53
0.69
0.43
0.12
0.11
0.34
0.41
0.33
0.39
0.72
0.71
0.5
0.53
0.74
0.83
0.64
0.38
0.43
0.67
0.66
0.56
0.71
0.91
0.85
0.64
0.56
0.73
0.81
0.59
0.52
0.73
0.97
0.97
0.91
1.08
1.19
0.89
0.58
0.66
1.04
1.15
0.9
0.7
0.73
0.74
0.51
0.29
0.32
0.36
0.17
-2.57
0.08
0.27
0.21
0.04
0.07
0.42
0.65
0.5
0.42
0.65
0.86
0.82
0.68
0.69
0.77
0.73
0.58
0.66
0.97
1.04
0.86
0.77
0.89
0.89
0.66
0.48
0.51
0.66
0.56
0.42
0.51
0.76
0.77
0.55
0.44
0.5
0.41
0.18
0.05
0.12
0.18
-2.63
-2.82
-2.57
0.32
0.24
-2.57
0.02
0.34
0.48
0.37
0.21
0.38
0.67
0.58
0.39
0.43
0.56
0.42
0.27
0.29
0.55
0.66
0.59
0.74
1.12
1.21
1.01
0.9
1.07
-1.23
1.19
0.84
0.75
0.84
0.76
0.6
0.69
0.89
0.76
0.43
0.26
0.34
0.36
0.17
0.01
0.25
0.67
0.66
0.38
0.33
0.59
0.61
0.32
0.07
0.19
0.25
0.13
0.1
0.24
0.28
0.12
-2.57
0.1
0.36
0.27
0.02
0.02
0.33
0.4
0.21
0.18
0.49
0.64
0.33
0.07
0.25
0.56
0.51
0.29
0.33
0.58
0.67
0.54
0.54
0.82
1.0
0.9
0.8
0.89
1.0
0.8
0.48
0.45
0.67
0.66
0.4
0.4
0.73
0.83
0.56
0.42
0.61
0.74
0.55
0.44
0.69
0.9
0.74
0.45
0.45
0.6
0.49
0.17
0.16
0.4
0.42
0.17
-2.59
-2.6
0.02
-2.62
-2.69
0.01
0.36
0.43
0.33
0.35
0.57
0.69
0.55
0.48
0.66
0.8
0.61
0.5
0.7
0.87
0.72
0.49
0.5
0.8
0.74
0.49
0.49
0.74
0.81
0.51
0.33
0.44
0.59
0.51
0.42
0.56
0.71
0.64
0.45
0.58
0.96
1.06
0.81
0.58
0.71
0.8
0.6
0.44
0.61
0.82
0.55
0.2
0.21
0.51
0.43
0.1
0.07
0.39
0.51
0.19
0.02
0.24
0.42
0.35
0.27
0.5
0.75
0.67
0.37
0.33
0.44
0.38
0.05
-2.61
0.21
0.42
0.24
0.07
0.26
0.49
0.43
0.32
0.35
0.51
0.42
0.16
0.17
0.45
0.48
0.23
0.22
0.53
0.72
0.5
0.24
0.34
0.65
0.57
0.28
0.26
0.42
0.38
0.2
0.19
0.43
0.55
0.35
0.12
0.18
0.37
0.36
0.25
0.28
0.4
0.24
0.08
0.28
0.69
0.81
0.54
0.37
0.61
0.89
0.85
0.68
0.67
0.83
0.67
0.4
0.44
0.59
0.54
0.36
0.34
0.65
0.82
0.59
0.41
0.55
0.77
0.74
0.58
0.67
0.9
0.88
0.66
0.61
0.87
0.9
0.69
0.64
0.8
0.85
0.56
0.22
0.21
0.49
0.49
0.26
0.22
0.38
0.45
0.34
0.28
0.45
0.5
0.34
0.27
0.5
0.7
0.55
0.26
0.25
0.48
0.53
0.4
0.4
0.72
0.85
0.72
0.82
1.16
-1.12
-1.26
0.25
0.36
0.72
0.82
0.6
0.44
0.6
0.75
0.6
0.39
0.48
0.66
0.56
0.58
0.67
0.7
0.54
0.27
0.25
0.49
0.49
0.22
0.17
0.51
0.81
0.55
0.37
0.5
0.65
0.54
0.29
0.37
0.69
0.73
0.51
0.39
0.54
0.58
0.36
0.22
0.41
0.55
0.44
0.4
0.53
0.69
0.45
0.12
0.2
0.5
0.49
0.26
0.25
0.52
0.59
0.33
0.05
0.18
0.44
0.4
0.17
0.1
0.23
0.13
-2.65
-2.68
0.12
0.28
0.12
0.06
0.35
0.57
0.45
0.37
0.52
0.64
0.43
0.18
0.22
0.54
0.59
0.49
0.52
0.82
1.05
0.86
0.67
0.88
1.15
0.98
0.68
0.68
0.85
0.73
0.48
0.57
0.99
1.04
0.66
0.49
0.75
0.99
0.81
0.56
0.58
0.81
0.76
0.58
0.68
0.91
0.77
0.42
0.28
0.49
0.5
0.22
0.13
0.41
0.57
0.26
-2.63
0.04
0.48
0.64
0.43
0.41
0.59
0.61
0.49
0.37
0.52
0.71
0.65
0.5
0.56
0.72
0.45
0.09
0.09
0.36
0.41
0.33
0.33
0.55
0.65
0.39
0.23
0.43
0.68
0.52
0.33
0.43
0.73
0.74
0.55
0.58
0.84
0.76
0.52
0.49
0.69
0.82
0.69
0.57
0.74
1.0
0.85
0.43
0.32
0.53
0.49
0.19
0.07
0.38
0.6
0.38
0.04
0.07
0.4
0.4
0.24
0.33
0.56
0.51
0.32
0.26
0.39
0.49
0.45
0.49
0.68
0.76
0.55
0.36
0.4
0.55
0.42
0.22
0.27
0.56
0.64
0.41
0.26
0.35
0.41
0.25
0.18
0.28
0.43
0.28
0.06
0.22
0.59
0.61
0.32
0.17
0.38
0.37
0.05
-2.65
0.04
0.25
0.24
0.17
0.32
0.6
0.57
0.35
0.36
0.65
0.74
0.52
0.33
0.49
0.5
0.19
0.0
0.21
0.44
0.28
0.08
0.17
0.38
0.4
0.21
0.13
0.32
0.38
0.34
0.27
0.38
0.58
0.57
0.5
0.54
0.67
0.56
0.4
0.55
0.88
0.9
0.64
0.4
0.49
0.64
0.49
0.29
0.48
0.68
0.52
0.23
0.24
0.42
0.25
-2.58
0.08
0.5
0.59
0.35
0.34
0.6
0.72
0.52
0.41
0.65
0.91
0.83
0.58
0.61
0.9
0.98
0.83
0.82
1.02
1.04
0.81
0.59
0.77
1.03
0.88
0.65
0.74
1.04
1.06
0.89
0.83
0.96
0.92
0.66
0.52
0.71
0.9
0.76
0.55
0.66
0.84
0.58
0.06
-2.64
0.21
0.37
0.28
0.28
0.4
0.43
0.27
0.16
0.34
0.58
0.5
0.28
0.37
0.66
0.71
0.59
0.64
0.82
0.92
0.74
0.53
0.6
0.84
0.8
0.59
0.68
0.91
0.74
0.35
0.34
0.73
0.88
0.59
0.4
0.59
0.87
0.84
0.67
0.71
0.84
0.82
0.77
0.8
0.86
0.73
0.56
0.65
0.88
0.82
0.54
0.53
0.85
1.12
0.9
0.56
0.35
0.37
0.56
0.8
0.96
1.14
-1.26
1.17
1.16
-1.08
-0.88
-0.99
-1.22
-0.96
-0.43
-0.56
-0.95
-0.94
-0.43
2.78
3.1
3.28
3.62
1.38
1.55
1.77
2.15
2.36
2.31
2.25
2.2
2.24
2.03
1.61
1.36
1.4
3.8
3.42
3.16
3.14
2.93
-0.08
-0.45
-0.57
-0.7
-1.22
0.8
0.57
0.51
0.18
-2.85
-3.14
-3.11
-3.31
-3.79
-1.58
-1.64
-1.55
-1.73
-1.96
-1.88
-1.62
-1.66
-1.98
-2.18
-2.04
-1.9
-2.0
-2.16
-2.1
-2.03
-2.2
-2.33
-2.1
-1.8
-1.97
-2.27
-2.18
-2.03
-2.33
-5.14
-2.41
-1.99
-1.88
-2.13
-2.19
-1.93
-1.68
-1.82
-1.96
-1.67
-3.76
-3.66
-1.31
-1.29
-3.44
-3.33
-3.55
-3.59
-3.38
-3.25
-3.28
-3.22
-3.0
-2.9
-2.9
-2.89
-2.69
0.07
-2.57
-2.77
-2.75
-2.57
-2.6
-2.74
-2.75
0.01
0.08
-2.73
-2.92
-2.7
0.17
0.08
-2.66
-2.58
0.22
0.18
-2.63
-2.75
0.08
0.37
0.21
-2.62
0.04
0.2
0.03
-2.67
-2.66
0.01
-2.65
-2.8
-2.76
0.02
0.13
0.05
0.0
0.18
0.36
0.25
0.18
0.39
0.75
0.73
0.52
0.49
0.76
0.98
0.85
0.82
0.96
0.9
0.58
0.44
0.68
0.84
0.58
0.23
0.22
0.49
0.53
0.35
0.27
0.42
0.53
0.49
0.5
0.73
0.86
0.59
0.36
0.39
0.59
0.57
0.51
0.69
0.97
0.9
0.68
0.59
0.84
0.93
0.74
0.68
0.92
1.17
1.01
0.71
0.81
1.18
-1.28
1.08
1.06
1.23
-1.28
1.12
1.04
1.23
-1.21
1.13
0.75
0.75
0.96
0.82
0.58
0.56
0.65
0.59
0.58
0.81
1.04
1.02
0.72
0.51
0.67
0.89
0.69
0.38
0.42
0.73
0.75
0.58
0.56
0.67
0.58
0.27
0.09
0.33
0.65
0.5
0.2
0.24
0.38
0.22
0.0
0.02
0.22
0.21
0.04
0.0
0.24
0.39
0.12
-2.59
0.19
0.41
0.38
0.36
0.57
0.82
0.71
0.48
0.52
0.81
0.84
0.66
0.58
0.68
0.82
0.71
0.58
0.74
0.98
0.83
0.51
0.41
0.6
0.59
0.39
0.35
0.71
0.98
0.72
0.54
0.65
0.85
0.85
0.76
0.86
1.04
1.01
0.73
0.67
1.0
1.07
0.84
0.73
0.86
0.97
0.72
0.53
0.64
0.87
0.81
0.59
0.74
1.14
1.21
0.88
0.65
0.74
0.75
0.59
0.59
0.85
0.98
0.71
0.36
0.36
0.65
0.69
0.51
0.49
0.69
0.74
0.56
0.49
0.6
0.66
0.44
0.28
0.44
0.76
0.72
0.52
0.59
0.88
0.92
0.74
0.69
0.86
0.9
0.67
0.49
0.58
0.76
0.64
0.42
0.54
0.76
0.72
0.54
0.69
1.06
1.17
0.87
0.57
0.6
0.73
0.71
0.59
0.68
0.88
0.81
0.52
0.54
0.72
0.65
0.37
0.29
0.44
0.43
0.11
-2.61
0.26
0.75
0.86
0.72
0.75
0.92
0.87
0.69
0.68
0.89
0.91
0.59
0.4
0.52
0.68
0.59
0.53
0.73
0.98
0.88
0.7
0.7
0.83
0.73
0.49
0.58
0.96
1.01
0.68
0.43
0.55
0.66
0.44
0.25
0.39
0.8
0.76
0.44
0.35
0.56
0.65
0.45
0.41
0.67
0.76
0.51
0.23
0.32
0.54
0.52
0.43
0.6
0.82
0.64
0.36
0.43
0.82
0.83
0.36
0.0
0.1
0.41
0.4
0.24
0.35
0.6
0.57
0.34
0.32
0.6
0.57
0.28
0.18
0.39
0.6
0.44
0.24
0.49
0.76
0.59
0.36
0.4
0.68
0.66
0.42
0.4
0.72
0.85
0.41
0.01
0.1
0.32
0.24
0.1
0.1
0.32
0.28
0.09
0.19
0.56
0.61
0.36
0.25
0.49
0.68
0.58
0.43
0.5
0.67
0.48
0.19
0.25
0.54
0.56
0.37
0.34
0.52
0.57
0.39
0.38
0.6
0.76
0.55
0.26
0.36
0.64
0.67
0.5
0.53
0.7
0.57
0.26
0.16
0.4
0.59
0.4
0.26
0.5
0.74
0.55
0.29
0.35
0.59
0.64
0.45
0.58
0.93
1.01
0.72
0.53
0.65
0.83
0.8
0.55
0.56
0.87
0.87
0.52
0.34
0.56
0.72
0.54
0.42
0.61
0.72
0.53
0.42
0.58
0.83
0.83
0.71
0.84
1.16
1.15
0.85
0.81
1.01
1.05
0.82
0.55
0.64
0.76
0.55
0.27
0.24
0.37
0.37
0.23
0.23
0.45
0.54
0.36
0.27
0.53
0.64
0.42
0.34
0.54
0.86
0.89
0.67
0.45
0.55
0.58
0.39
0.32
0.58
0.67
0.39
0.24
0.51
0.76
0.66
0.44
0.52
0.65
0.5
0.32
0.4
0.8
0.85
0.45
0.28
0.52
0.7
0.64
0.53
0.59
0.71
0.52
0.25
0.34
0.58
0.57
0.33
0.27
0.6
0.72
0.39
0.2
0.37
0.54
0.4
0.22
0.22
0.37
0.33
0.18
0.28
0.59
0.54
0.18
0.04
0.32
0.52
0.35
0.07
0.16
0.5
0.57
0.38
0.22
0.26
0.25
0.05
0.04
0.26
0.43
0.32
0.18
0.24
0.35
0.22
0.05
0.2
0.57
0.65
0.43
0.41
0.64
0.64
0.39
0.32
0.49
0.57
0.41
0.35
0.51
0.72
0.67
0.5
0.53
0.71
0.57
0.18
0.0
0.17
0.32
0.28
0.35
0.6
0.73
0.45
0.26
0.39
0.57
0.4
0.18
0.27
0.68
0.77
0.55
0.44
0.69
0.97
0.83
0.52
0.5
0.71
0.69
0.53
0.44
0.51
0.42
0.23
0.18
0.33
0.38
0.29
0.32
0.56
0.75
0.57
0.44
0.57
0.85
0.81
0.51
0.49
0.7
0.6
0.4
0.48
0.82
1.0
0.82
0.53
0.5
0.71
0.73
0.69
0.81
1.07
1.03
0.81
0.69
0.89
1.01
0.73
0.48
0.53
0.75
0.66
0.37
0.45
0.81
0.82
0.5
0.37
0.64
0.76
0.61
0.51
0.6
0.75
0.8
0.81
0.84
0.82
0.55
0.33
0.4
0.7
0.64
0.26
0.09
0.28
0.5
0.43
0.4
0.55
0.77
0.67
0.39
0.48
0.81
0.75
0.44
0.37
0.59
0.58
0.36
0.37
0.66
0.85
0.72
0.53
0.52
0.58
0.5
0.37
0.54
0.97
1.05
0.76
0.59
0.72
0.74
0.57
0.55
0.76
0.89
0.68
0.37
0.33
0.56
0.59
0.44
0.43
0.65
0.73
0.75
0.85
1.05
1.06
0.76
0.57
0.72
0.96
0.83
0.55
0.58
0.93
0.97
0.69
0.58
0.71
0.71
0.55
0.54
0.74
0.9
0.71
0.38
0.37
0.65
0.67
0.53
0.56
0.73
0.75
0.53
0.36
0.55
0.77
0.61
0.36
0.38
0.64
0.59
0.38
0.44
0.81
0.86
0.57
0.5
0.76
0.93
0.73
0.49
0.45
0.56
0.5
0.48
0.59
0.74
0.67
0.44
0.38
0.64
0.74
0.55
0.36
0.45
0.56
0.26
0.03
0.19
0.44
0.27
-2.61
-2.61
0.32
0.42
0.17
0.09
0.48
0.76
0.6
0.44
0.6
0.72
0.52
0.26
0.37
0.69
0.68
0.5
0.5
0.67
0.7
0.55
0.49
0.65
0.71
0.48
0.21
0.25
0.33
0.18
0.08
0.25
0.44
0.28
0.01
0.01
0.32
0.49
0.34
0.21
0.32
0.41
0.28
0.21
0.41
0.73
0.59
0.21
0.09
0.29
0.37
0.2
0.19
0.45
0.59
0.35
0.09
0.19
0.4
0.25
0.0
0.06
0.39
0.49
0.37
0.43
0.81
1.02
0.77
0.51
0.61
0.84
0.76
0.54
0.61
0.9
0.86
0.58
0.55
0.81
0.82
0.41
0.26
0.55
0.65
0.41
0.27
0.45
0.53
0.35
0.2
0.19
0.36
0.36
0.12
0.16
0.48
0.59
0.38
0.27
0.48
0.6
0.41
0.16
0.19
0.54
0.65
0.51
0.6
0.9
0.92
0.8
0.68
0.81
0.86
0.66
0.48
0.68
0.97
0.8
0.42
0.39
0.71
0.84
0.6
0.44
0.6
0.77
0.64
0.44
0.56
0.74
0.57
0.28
0.27
0.49
0.45
0.37
0.43
0.6
0.57
0.32
0.18
0.4
0.55
0.32
0.04
0.19
0.55
0.52
0.26
0.28
0.54
0.68
0.64
0.57
0.6
0.55
0.35
0.23
0.41
0.59
0.42
0.24
0.43
0.76
0.73
0.51
0.44
0.6
0.6
0.43
0.35
0.51
0.6
0.51
0.4
0.59
0.82
0.67
0.4
0.4
0.54
0.5
0.25
0.09
0.18
0.18
0.04
0.1
0.33
0.32
0.12
0.07
0.32
0.59
0.57
0.25
0.23
0.56
0.68
0.37
0.2
0.39
0.54
0.44
0.38
0.54
0.82
0.84
0.65
0.64
0.83
0.82
0.66
0.65
0.84
0.87
0.67
0.59
0.81
0.97
0.74
0.51
0.57
0.86
0.98
0.85
0.74
0.84
0.85
0.59
0.44
0.51
0.59
0.48
0.39
0.58
0.73
0.52
0.32
0.41
0.67
0.58
0.41
0.52
0.88
1.06
0.91
0.7
0.73
0.83
0.72
0.6
0.64
0.7
0.54
0.34
0.36
0.57
0.6
0.41
0.35
0.49
0.56
0.38
0.27
0.39
0.55
0.38
0.17
0.2
0.51
0.6
0.33
0.13
0.28
0.37
0.23
0.26
0.6
0.89
0.7
0.49
0.5
0.65
0.57
0.26
0.07
0.18
0.22
0.11
0.19
0.5
0.64
0.49
0.5
0.77
0.98
0.8
0.51
0.58
0.96
0.92
0.59
0.59
0.96
1.01
0.71
0.55
0.77
1.06
1.04
0.9
0.99
1.19
1.01
0.58
0.43
0.59
0.59
0.43
0.38
0.57
0.66
0.52
0.43
0.61
0.85
0.72
0.49
0.56
0.84
0.73
0.32
0.08
0.22
0.36
0.22
0.25
0.65
0.87
0.58
0.26
0.39
0.67
0.64
0.4
0.41
0.73
0.86
0.64
0.49
0.74
1.01
0.96
0.76
0.76
0.99
1.03
0.89
0.89
1.07
0.97
0.5
0.32
0.6
0.87
0.73
0.55
0.68
0.73
0.43
0.16
0.28
0.55
0.48
0.24
0.19
0.36
0.36
0.12
0.07
0.28
0.44
0.27
0.04
0.18
0.44
0.45
0.39
0.45
0.6
0.48
0.26
0.33
0.6
0.65
0.37
0.24
0.64
1.01
0.88
0.69
0.9
-1.21
-1.15
1.23
-1.16
-0.63
-0.92
0.81
0.85
-1.0
-0.44
-0.43
-0.6
-0.39
2.85
3.29
3.38
3.7
1.71
1.95
1.73
1.62
1.86
2.02
1.82
1.69
1.79
1.77
1.36
3.48
3.47
3.59
3.36
2.83
2.57
2.67
2.66
-0.16
-0.41
-0.56
-0.85
1.21
0.86
0.91
1.14
0.91
0.37
0.0
-2.67
-2.92
-3.27
-3.56
-3.75
-1.45
-1.83
-2.03
-1.9
-1.74
-1.99
-2.43
-2.45
-2.26
-2.33
-2.49
-2.42
-2.1
-2.04
-2.45
-5.29
-2.52
-2.36
-5.14
-5.36
-5.13
-2.09
-1.99
-2.17
-2.18
-2.01
-1.99
-2.13
-2.11
-1.87
-1.82
-1.99
-1.97
-1.73
-1.56
-1.63
-1.67
-1.41
-3.76
-1.35
-1.5
-1.35
-3.5
-3.41
-3.64
-3.64
-3.29
-3.05
-3.09
-3.24
-3.14
-2.92
-2.97
-3.18
-3.14
-2.89
-2.8
-2.98
-3.02
-2.84
-2.9
-3.11
-3.13
-2.89
-2.57
-2.6
-2.79
-2.77
-2.57
0.07
0.08
0.19
0.42
0.36
0.07
0.01
0.2
0.28
0.13
0.08
0.34
0.59
0.42
0.18
0.2
0.55
0.68
0.49
0.36
0.55
0.76
0.65
0.43
0.59
0.89
0.9
0.83
0.74
0.71
0.61
0.61
0.74
0.92
0.87
0.6
0.55
0.8
0.89
0.66
0.51
0.75
1.01
0.9
0.71
0.76
0.98
0.97
0.75
0.76
0.97
0.96
0.88
0.93
1.14
1.23
0.98
0.71
0.75
0.96
0.88
0.68
0.69
1.03
1.2
1.03
0.97
1.14
1.17
0.96
0.83
1.08
-1.1
-1.25
0.91
0.88
1.07
1.01
0.68
0.52
0.66
0.74
0.58
0.51
0.7
0.88
0.88
0.89
0.96
0.98
0.71
0.48
0.65
1.12
1.17
0.82
0.68
0.98
1.17
0.88
0.64
0.77
1.13
1.18
0.96
0.84
0.89
0.85
0.67
0.61
0.85
0.88
0.7
0.66
0.89
1.09
0.9
0.68
0.77
1.01
0.86
0.56
0.6
0.91
0.98
0.65
0.54
0.77
0.9
0.69
0.4
0.44
0.66
0.55
0.34
0.39
0.69
0.75
0.51
0.42
0.74
1.02
0.91
0.82
0.99
1.08
0.84
0.58
0.72
1.03
1.04
0.87
0.77
0.84
0.71
0.43
0.35
0.55
0.71
0.59
0.43
0.52
0.72
0.56
0.25
0.2
0.48
0.65
0.6
0.52
0.52
0.53
0.42
0.37
0.48
0.58
0.5
0.5
0.75
1.02
0.86
0.51
0.41
0.59
0.64
0.4
0.27
0.41
0.58
0.53
0.51
0.74
0.98
0.84
0.6
0.6
0.76
0.8
0.54
0.41
0.54
0.56
0.35
0.25
0.48
0.76
0.82
0.8
0.92
1.19
0.99
0.49
0.23
0.41
0.48
0.32
0.37
0.66
0.81
0.6
0.42
0.44
0.53
0.36
0.22
0.38
0.7
0.73
0.49
0.44
0.64
0.61
0.39
0.23
0.32
0.41
0.37
0.27
0.35
0.58
0.68
0.49
0.4
0.58
0.56
0.37
0.36
0.68
0.83
0.59
0.41
0.65
1.02
1.03
0.85
0.84
0.97
0.89
0.67
0.59
0.82
0.89
0.69
0.68
0.97
1.13
0.91
0.7
0.72
0.83
0.75
0.64
0.59
0.75
0.75
0.45
0.33
0.56
0.77
0.6
0.33
0.39
0.67
0.6
0.29
0.23
0.45
0.55
0.4
0.24
0.44
0.6
0.45
0.32
0.42
0.59
0.56
0.5
0.56
0.6
0.32
0.02
0.22
0.77
0.99
0.72
0.53
0.69
0.91
0.87
0.68
0.53
0.57
0.71
0.77
0.92
1.09
1.02
0.82
0.75
0.88
0.87
0.66
0.51
0.59
0.77
0.72
0.51
0.43
0.55
0.49
0.22
0.23
0.55
0.65
0.44
0.41
0.64
0.67
0.37
0.16
0.22
0.35
0.23
0.04
0.05
0.37
0.56
0.53
0.54
0.76
0.91
0.71
0.5
0.58
0.75
0.69
0.54
0.57
0.76
0.67
0.43
0.51
0.8
0.77
0.52
0.33
0.42
0.39
0.04
-2.7
0.05
0.34
0.24
0.07
0.21
0.52
0.43
0.09
-2.58
0.23
0.44
0.39
0.37
0.58
0.65
0.36
0.19
0.37
0.67
0.55
0.18
0.13
0.4
0.5
0.33
0.21
0.32
0.37
0.19
0.09
0.37
0.86
0.92
0.65
0.6
0.89
0.92
0.74
0.72
0.9
1.07
1.02
0.93
1.05
1.08
0.83
0.58
0.64
0.81
0.72
0.52
0.51
0.7
0.67
0.33
0.08
0.17
0.26
0.22
0.19
0.35
0.51
0.38
0.1
0.12
0.39
0.42
0.17
0.11
0.44
0.69
0.65
0.58
0.71
0.82
0.7
0.57
0.55
0.64
0.57
0.42
0.39
0.5
0.52
0.4
0.38
0.49
0.52
0.26
0.07
0.24
0.44
0.28
0.0
0.01
0.22
0.23
0.02
-2.64
0.02
0.09
-2.62
-2.79
-2.62
0.18
0.07
-2.65
-2.66
0.05
0.03
-2.77
-2.83
-2.62
0.04
-2.73
-2.92
-2.76
0.09
0.21
0.2
0.32
0.52
0.51
0.4
0.39
0.6
0.73
0.69
0.74
0.99
1.0
0.74
0.52
0.66
0.91
0.86
0.61
0.61
0.85
0.92
0.81
0.68
0.82
1.0
0.93
0.89
1.04
1.08
0.89
0.83
1.0
1.18
1.05
0.84
0.85
1.16
-1.27
1.01
0.74
0.97
1.23
1.14
0.97
1.02
1.13
0.9
0.75
0.97
1.24
1.15
0.81
0.77
1.02
1.03
0.72
0.6
