0.0625
0.064453125
0.138671875
0.0546875
0.072265625
0.083984375
0.12109375
0.099609375
0.099609375
0.20703125
0.080078125
0.078125
0.15625
0.095703125
0.076171875
0.05078125
417.57884209198926
578.468106717841
385.48852277004477
424.01620465769463
378.9352991907545
346.7587109268201
459.0365754081337
495.55023646397234
-357.8005418558888
-518.1978767795013
-479.29196859897354
-349.9242624957616
-270.81375905071974
-297.58259573834334
-311.5294181673694
-351.483983372768
1.0
1.0
1.0
1.0
1.0
1.0
1.0
1.0
-4.331551965320728
-4.367218921962976
-4.375732670014216
-4.375412032934963
-4.3842800554618435
-4.457250263797708
-4.427157157317103
-4.345974887074645
7.734880522504524
7.843913145875399
7.88400076064068
7.902501991978469
7.947000448322677
8.260071084711068
8.143614459433746
7.784099720504783
-7.441030878716127
-7.546423928188008
-7.676555779717428
-7.769643330236451
-7.871423630377425
-8.381487196935304
-8.173149052963456
-7.5911075581284715
4.3416727316508235
4.3549395166055795
4.57031428648933
4.814847314676204
5.0148914383202
5.281501787043348
5.134309466279056
4.783296465580729
-1.7138194301321268
-1.6900670262394533
-1.765783940202465
-2.210922602810873
-2.540290845081183
-2.248174486444038
-2.387223668556645
-2.4906507481359674
0.4861754224065092
0.4941709754911761
0.30032503262681876
0.8162598855591302
1.1459098140899038
0.5996342969533368
0.94431873200298
1.2235337724055322
-0.07929126896206312
-0.09711335087437849
0.12524437350741258
-0.19674377695772063
-0.36395766014325404
-0.03205309814240909
-0.26803673018957197
-0.43383416431150723
0.0030296261952088804
0.007828849634643581
-0.06178161114273474
0.019148204493080384
0.05218549887141024
-0.022213406065132658
0.03338904498677812
0.0707026798375564
