49
50
50
50
49
49
49
49
50
49
49
49
49
49
50
49
49
49
50
49
49
49
49
49
50
50
49
49
49
49
50
49
49
49
50
49
49
50
49
49
49
49
49
49
49
49
49
49
49
49
49
49
49
49
49
49
49
49
49
49
49
49
49
49
49
49
49
49
49
50
49
49
49
49
50
49
49
50
49
49
49
49
49
49
49
49
50
49
50
50
49
49
49
50
49
50
49
50
49
49
49
49
49
49
49
49
49
50
50
50
50
49
50
50
50
50
49
49
49
50
50
50
49
50
50
49
50
49
50
50
49
50
50
49
49
50
49
49
49
49
49
49
49
49
49
50
50
49
49
50
49
50
50
50
50
50
50
50
49
50
50
50
50
50
50
50
50
49
50
50
49
50
49
50
50
50
50
50
50
50
50
50
50
50
50
50
50
50
50
50
50
50
50
50
50
50
50
50
50
50
50
50
50
50
50
50
50
50
50
50
50
50
50
50
50
50
50
50
50
50
50
50
50
50
50
50
50
50
50
50
50
50
50
50
50
49
49
49
44
64
42
-263
-306
-267
66
101
69
6
-292
-301
-285
13
58
37
6
28
72
96
91
85
68
22
-268
3
75
123
112
99
122
-111
-103
-111
106
82
97
112
122
-110
-104
-101
-112
115
97
96
69
7
-273
10
60
123
-95
-90
-83
-64
-57
-59
-73
-93
-117
123
-126
125
82
25
1
-289
-328
-326
-260
67
102
96
58
21
35
59
42
12
2
35
89
123
125
113
102
86
67
49
39
59
-110
-29
-21
-42
-64
-63
-55
-73
-108
119
125
-90
-75
-121
66
25
52
77
34
8
44
71
44
10
33
86
119
58
50
43
3
-294
-291
-264
-289
-369
-150
-357
-290
8
50
92
-115
-48
-12
-32
-61
-88
108
42
13
23
28
18
-261
-275
-274
-268
20
56
40
28
66
119
-103
123
64
24
35
84
-112
-76
-87
-119
112
72
38
39
52
48
34
37
57
58
8
-310
-309
18
102
-110
-121
106
105
-116
-83
-90
121
99
103
112
113
103
74
41
38
51
27
-262
-269
13
60
71
45
38
61
91
123
-110
124
80
52
53
64
57
18
-275
-268
44
90
90
81
58
28
53
119
-126
80
33
34
59
61
13
-291
-306
-279
11
18
23
64
96
89
39
17
56
114
-127
109
109
114
88
23
-315
-348
-311
-265
9
26
59
108
-101
-95
116
51
-260
-300
-305
-266
29
55
65
72
74
68
53
35
22
3
0
28
59
88
104
89
39
-275
-284
-258
36
77
118
-123
-125
-107
-75
-58
-68
-103
102
38
-263
-283
-290
-284
-290
-297
-309
-330
-342
-312
24
125
-75
-77
-93
-86
-58
-60
-104
91
40
-267
-324
-370
-138
-377
-325
-276
40
124
-72
-55
-70
-107
115
101
100
100
97
72
49
36
9
-262
-257
-263
-289
-307
-323
-290
57
115
125
-127
-122
119
74
42
69
-128
-103
116
25
-307
-295
24
84
97
76
70
104
-107
-95
123
64
2
-280
-268
5
-260
-310
-321
18
118
-120
85
32
23
57
82
86
77
65
56
55
64
58
1
-331
-344
-283
42
67
43
24
50
100
-119
-124
92
42
16
25
66
87
85
82
80
66
39
13
-265
-270
1
20
18
-261
-260
54
120
-111
118
91
105
-117
-92
-88
-89
-103
101
43
29
48
71
72
37
-258
-278
-280
1
21
-263
-302
-311
-292
-269
25
76
121
-110
-93
-67
-59
-79
-110
104
81
73
29
-291
-322
-294
16
32
0
-278
-290
-291
-277
1
27
58
84
77
59
74
118
115
65
40
66
81
65
74
-126
-90
-125
36
-305
-313
10
91
109
74
19
-267
19
84
71
-261
-282
23
98
-115
-112
-128
119
119
100
66
55
66
72
48
4
-280
-283
-273
-260
-270
-292
-295
-279
19
37
4
2
55
99
99
75
51
50
60
40
-259
-277
-264
19
45
68
85
77
44
2
-268
19
60
83
86
80
74
66
39
22
3
-290
-322
-332
-311
0
67
-125
-80
-78
-110
107
56
-257
-300
-339
-311
9
44
58
69
82
88
82
73
72
75
75
76
71
98
-120
-116
-126
-125
-119
98
20
-278
-279
16
59
52
25
29
59
66
40
3
-279
-261
81
-101
-86
-88
-63
-59
-86
-94
-94
-121
59
-269
-263
42
67
33
4
42
100
100
51
27
58
57
13
19
77
121
-123
123
103
82
45
2
-279
-268
32
89
-128
-102
-71
-79
-122
96
53
21
17
45
98
-125
-122
-117
-107
-106
-118
-126
125
124
122
120
114
69
-264
-294
11
107
-73
-47
-62
-101
-119
-106
-116
93
41
1
2
48
99
120
102
56
26
32
37
23
19
53
82
71
44
34
36
34
21
32
56
61
20
-280
-276
24
38
0
-285
-281
-292
-332
-377
-357
-276
32
32
21
28
67
107
99
51
11
-282
-321
-329
-297
-258
-259
-292
-312
-282
2
-273
-322
-356
-359
-338
-312
-286
-265
8
10
3
19
36
36
8
-295
-334
-345
-328
-307
-291
-273
-274
-264
16
20
-284
-356
-377
-357
-341
-343
-322
-261
60
103
103
65
1
-324
-365
-380
-353
-307
-275
-258
-261
-265
-262
-278
-344
-137
-149
-148
-379
-322
-267
-258
-282
-318
-361
-161
-188
-173
-147
-133
-133
-134
-363
-317
-277
-266
-315
-374
-161
-174
-169
-149
-358
-324
-312
-292
-269
-261
-263
-270
-285
-326
-134
-161
-363
-286
24
52
38
11
-267
-280
-266
-261
-279
-312
-343
-334
-298
-278
-297
-343
-357
-298
29
61
76
109
-125
106
52
-259
-292
-325
-339
-321
-298
-279
-262
39
105
112
48
-282
-318
-327
-322
-273
19
-276
-364
-166
-158
-380
-363
-359
-347
-324
-277
19
27
10
-283
-363
-174
-165
-372
-344
-348
-372
-140
-145
-146
-199
-535
-570
-552
-244
-219
-236
-220
-140
-313
-277
-265
-264
9
41
64
48
16
12
28
48
59
76
92
90
75
92
-101
-43
-38
-61
-88
-100
-91
-100
-117
-122
-92
-26
328
133
136
370
358
336
268
-54
-62
-24
278
296
280
280
314
340
317
-12
-62
-35
261
-7
-44
-75
-91
-86
-86
-67
260
327
349
359
134
147
377
331
267
-40
-48
-25
-5
-15
-38
-59
-101
-127
-96
-48
-30
-55
-87
-103
-73
-15
257
-40
-80
-92
-96
-100
-94
-90
-95
-100
-92
-99
-103
-99
-104
-112
-123
-128
-105
-64
-53
-72
-101
-77
-31
-26
-58
-86
-88
-74
-107
92
85
99
108
106
112
-112
-61
-24
-9
-21
-42
-39
-30
-55
-72
-69
-84
-111
-119
-122
108
84
88
-127
-69
-40
-62
-84
-47
274
307
277
-24
-23
320
168
217
194
152
137
133
354
282
-25
-52
-69
-59
-39
-16
258
-5
-38
-58
-46
-41
-55
-80
-87
-61
-45
-78
105
34
3
6
25
42
54
60
26
-300
-344
-329
-330
-137
-210
-230
-198
-168
-171
-189
-203
-195
-188
-202
-194
-137
-322
-278
-277
-297
-323
-359
-146
-169
-200
-248
-521
-225
-154
-345
-313
-342
-134
-381
-343
-324
-325
-332
-324
-301
-296
-290
-275
-278
-308
-323
-315
-328
-360
-381
-136
-152
-158
-134
-353
-344
-353
-326
-276
9
16
-257
-290
-309
-295
-266
17
40
33
2
-260
32
70
59
9
-282
-260
58
105
99
71
59
82
102
75
24
3
16
34
42
36
33
49
66
84
90
90
65
33
55
123
-96
-127
72
66
121
-67
-47
-80
-115
-120
-124
119
88
39
1
-265
-260
0
-261
9
42
64
65
57
28
-285
-338
-312
0
21
28
38
37
32
17
7
6
5
7
4
-261
-269
-264
-259
-274
-311
-354
-347
-310
-291
-285
-284
-285
-301
-343
-137
-145
-334
-260
23
24
48
71
66
45
33
5
-289
-310
-323
-331
-359
-377
-356
-297
2
4
-270
-293
-297
-265
24
44
32
-262
-308
-323
-281
56
-126
-101
-109
-112
-101
-80
-78
-102
113
68
18
-294
-324
-313
-281
-258
8
13
16
5
-268
-290
-314
-322
-270
41
76
99
-123
-85
-63
-87
118
76
39
24
28
56
102
116
113
98
72
70
93
105
77
35
5
-262
-258
7
24
52
89
113
105
86
57
48
73
106
92
21
-285
-264
44
68
41
20
21
29
44
43
37
67
116
-106
-105
-120
-123
-115
-105
-117
108
67
26
26
42
41
34
32
38
52
64
53
28
27
44
77
115
107
70
41
49
65
53
38
37
48
33
-258
-262
26
43
36
12
-275
-305
-321
-294
11
41
28
2
-263
8
34
27
-263
-292
-305
-302
-282
-269
-277
-289
-276
5
9
-264
-276
1
39
58
49
54
81
93
76
50
35
57
100
96
53
25
11
17
41
60
69
81
90
96
80
49
6
-286
-299
-293
-266
34
77
115
119
100
85
97
119
118
91
83
100
113
117
120
-124
-112
-111
-116
122
106
96
86
97
104
114
122
-128
-117
-106
-85
-89
124
85
52
33
32
39
56
68
84
91
71
39
9
-268
-302
-337
-349
-314
20
66
75
99
101
57
3
-276
-310
-374
-154
-380
-333
-332
-369
-135
-380
-377
-141
-155
-161
-170
-178
-189
-211
-215
-196
-154
-359
-314
-282
-266
-282
-322
-360
-130
-136
-376
-361
-376
-161
-189
-189
-183
-177
-166
-163
-174
-209
-214
-173
-372
-330
-321
-333
-343
-339
-360
-149
-162
-130
-345
-326
-322
-308
-285
2
19
11
18
34
53
85
113
109
80
50
38
41
65
76
57
36
52
91
122
115
76
52
42
26
3
-285
-315
-325
-309
-282
-291
-344
-379
-355
-291
8
25
51
84
114
-125
124
105
83
57
33
35
27
18
40
75
88
93
116
-106
-76
-53
-24
-16
-23
-28
-30
-27
-24
-13
273
309
327
339
340
331
324
312
312
315
305
258
-60
-94
-88
-40
269
297
304
280
-9
-32
-56
-78
-105
-127
124
-112
-75
-26
262
-11
-78
103
92
-127
-92
-63
-42
-39
-44
-37
-20
-36
-86
-109
-83
-69
-118
100
98
91
109
-90
-46
-63
-112
-120
-67
-9
-3
-23
-27
-25
-41
-78
-110
-122
-117
-123
89
43
42
50
26
-263
-311
-343
-339
-298
12
39
39
57
102
-118
-108
124
61
13
49
-123
-37
-13
-69
113
71
60
53
34
32
44
48
44
48
42
38
43
50
49
34
3
-257
10
-260
-302
-327
-324
-300
-268
-257
-279
-308
-292
8
38
26
8
18
42
83
113
92
3
-356
-134
-131
-137
-147
-362
-279
49
75
66
50
48
70
90
53
-265
-293
-278
10
40
34
4
-284
-327
-346
-321
-293
-290
-297
-296
-282
-273
-258
10
20
16
-279
-312
-295
18
74
99
102
125
-100
-101
119
68
34
27
22
16
25
32
28
35
52
57
39
35
72
116
119
91
58
44
57
101
-100
-61
-48
-57
-88
-118
-120
-85
-39
-22
-27
-38
-40
-36
-21
-28
-72
-112
105
77
72
82
67
19
-290
-300
-286
-275
8
42
80
105
112
104
86
68
33
-275
-300
-301
-321
-354
-369
-353
-330
-327
-317
-280
33
67
50
-265
-314
-321
-343
-140
-145
-354
-326
-347
-381
-363
-286
27
29
-269
-315
-343
-361
-371
-345
-321
-347
-141
-155
-129
-361
-341
-314
-292
-290
-297
-279
27
59
26
-298
-332
-322
-311
-301
-293
-305
-301
6
69
101
118
118
80
7
-283
-258
45
85
67
-259
-306
-295
9
74
122
-125
88
65
98
-105
-87
118
39
-273
-296
-285
-265
-269
-285
-317
-330
-278
83
-102
-105
104
69
91
-112
-94
113
22
-281
1
61
104
96
26
-285
-276
58
-100
-54
-46
-43
-74
123
67
20
-281
-326
-359
-344
-301
0
59
-128
-94
-128
81
90
-120
-103
-108
-107
103
32
-261
23
92
-111
116
45
38
98
124
38
-332
-365
-324
-269
36
72
98
116
113
74
58
57
50
22
0
23
33
-269
-310
-331
-345
-314
12
82
122
-95
-70
-62
-85
-107
122
53
-308
-129
-153
-152
-129
-353
-331
-307
-263
18
64
-109
-68
-92
100
18
-330
-373
-338
-284
4
27
29
11
10
80
-94
-120
51
56
120
-109
106
68
68
72
44
-296
-154
-203
-141
-266
86
106
83
72
100
122
107
61
22
-267
-311
-346
-331
-267
37
67
115
-77
-24
260
256
-48
105
29
24
27
-260
-312
-338
-282
65
106
101
87
107
-100
-85
-111
-105
-46
-20
-60
-117
80
-267
-354
-339
40
-95
-68
-110
102
99
-120
-88
-122
53
-280
-306
-281
5
26
52
77
81
55
35
17
33
115
-54
-39
-76
-111
-119
124
80
20
7
21
13
7
54
124
-110
108
72
85
96
74
69
75
66
59
76
91
40
-322
-355
18
-85
-24
-67
117
77
83
122
-102
-127
37
-306
-321
-263
48
22
-331
-183
-210
-370
26
-122
-73
-84
-95
-89
-101
124
90
53
11
-279
-309
-296
22
66
75
99
107
99
76
51
34
5
-282
-322
-341
-314
17
81
117
-96
-99
104
59
35
4
0
10
-291
-129
-148
-316
36
83
-125
-68
-70
124
68
54
72
68
25
5
33
87
-125
-105
-111
99
67
71
53
-267
-332
-359
-337
-300
0
96
-77
-60
-68
-68
-73
-109
76
-263
-342
-360
-308
27
65
10
-330
-349
-274
92
-107
-122
87
27
-284
-323
-315
1
-112
-35
-29
-110
22
-315
-278
55
64
-257
-292
18
104
-125
100
65
57
83
103
86
49
4
-297
-312
-292
-282
-286
-275
-261
-269
-329
-347
1
100
118
86
64
66
70
84
120
-127
60
-305
-180
-518
-246
-370
75
-28
279
269
264
267
-16
-93
69
-312
-234
-570
-185
23
-121
90
-273
-333
-341
-317
-339
-189
-227
-343
108
-8
321
327
267
-106
48
11
2
-309
-129
-142
-338
13
69
76
108
-96
-74
-86
-123
76
22
-267
-307
-131
-168
-323
98
-59
-25
-25
-28
-29
-63
101
13
-275
-276
-268
-265
-296
-337
-327
-273
35
64
104
-67
-4
267
258
-38
-128
24
-299
-295
2
22
52
99
-119
120
32
-290
-274
43
101
100
51
25
40
49
35
44
68
84
107
104
55
4
-263
0
3
34
90
112
93
66
35
42
98
118
53
-310
-344
8
-90
-30
-91
113
-128
-112
124
81
33
-259
-270
-274
-267
-264
-283
-322
-327
-265
82
108
91
98
121
-127
104
81
21
-357
-196
-146
17
-108
-100
98
91
124
121
72
12
-312
-377
-374
-283
89
-128
75
11
16
75
118
91
23
-282
-298
-262
69
125
116
45
6
34
81
66
-290
-133
-151
-344
-259
64
-128
-77
-40
-41
-93
85
16
-292
-337
-354
-331
-325
-327
-302
1
60
77
2
-354
-356
-267
51
45
40
65
102
112
38
-297
-294
16
44
23
-285
-332
-325
-263
54
77
52
12
11
71
-106
-64
-64
-104
89
33
-264
-324
-147
-177
-364
8
106
122
72
16
-260
37
98
115
74
-259
-294
-290
-284
-261
43
69
20
-321
-330
35
-92
-42
-79
-128
107
108
106
87
71
70
56
7
-326
-366
-340
-276
27
34
34
102
-76
-83
-125
117
97
52
41
67
65
33
3
3
45
97
101
56
19
34
81
108
97
73
88
117
109
76
49
19
-262
0
17
13
5
9
25
34
38
27
6
-262
1
2
-268
-268
17
74
-122
-96
-91
-83
-91
113
51
24
60
-128
-102
-119
108
75
44
4
-275
-268
-278
-300
-292
21
69
65
45
43
37
9
-262
20
67
76
59
50
35
13
11
21
3
-290
-324
-339
-309
8
45
71
112
-95
-70
-87
-123
90
26
-309
-361
-343
-281
26
51
29
-267
-295
-301
-302
-283
23
109
-90
-85
-94
-102
-108
119
52
-270
-321
-360
-141
-172
-155
-305
108
-36
-9
-35
-29
264
265
-76
43
-298
-337
-313
32
-122
-38
268
263
-80
92
90
-112
-76
-75
-92
123
92
85
72
26
-299
-339
-307
-262
11
-265
-321
-325
2
68
87
96
-126
-90
-74
-100
96
25
-273
-283
-268
12
35
44
18
-334
-199
-226
-132
-263
53
72
96
124
-126
100
52
7
-264
11
52
67
40
23
39
55
21
-300
-334
-295
34
90
106
100
73
52
61
72
58
40
27
28
44
57
61
43
7
-268
3
41
55
33
19
23
40
34
-259
-262
45
112
116
65
26
22
32
34
20
12
41
83
98
88
74
69
74
66
37
20
37
60
54
35
26
41
55
18
-327
-130
-365
-311
2
51
84
120
-96
-103
123
113
-117
-86
-91
122
57
33
88
-102
-107
97
68
58
38
23
39
54
5
-309
-286
44
114
-95
-69
-85
-126
112
-128
-110
-123
88
37
8
11
39
50
17
-273
-265
20
40
50
59
58
39
23
27
45
52
22
-278
-294
-265
40
83
90
89
85
84
112
-88
-39
-19
-8
-23
-61
-73
-28
273
264
-37
-61
-51
-8
278
294
331
380
128
362
377
150
130
317
258
259
282
277
-5
-74
81
37
80
-99
-64
-87
-102
-99
-96
-112
105
44
-293
-381
-206
-522
-554
-556
-537
-226
-134
-326
-344
-130
-140
-369
-306
-280
-353
-222
-549
-248
-152
-339
-340
-371
-373
-371
-140
-184
-530
-593
-523
-371
12
58
39
7
22
55
32
-306
-380
-154
-142
-375
-342
-289
22
58
81
75
34
-293
-359
-376
-331
-278
9
33
41
45
66
93
93
53
-260
-291
-268
28
41
-261
-290
9
84
-118
-100
-117
114
105
108
123
121
75
6
-284
3
65
80
66
72
103
124
108
85
75
97
115
106
84
64
50
35
28
25
5
-277
-290
-290
0
52
100
-118
-92
-91
-117
92
53
33
4
-300
-344
-344
-299
-260
8
25
40
28
-260
-273
10
39
42
45
59
53
9
-273
27
97
-127
-120
-121
-116
-118
-127
119
92
54
38
44
51
48
16
-298
-322
-301
-264
45
89
101
98
107
-110
-71
-58
-77
-128
92
102
123
113
53
-265
-325
-129
-139
-317
56
109
88
76
107
-122
106
38
11
60
96
68
36
37
66
99
101
40
-283
-276
28
48
50
83
-94
-39
-58
123
77
97
-126
116
45
-289
-312
-297
-280
18
65
65
42
53
81
106
120
92
16
-312
-317
-276
0
-274
-295
-285
17
38
9
0
20
28
23
3
-279
-302
-308
-285
-260
18
52
84
53
-260
-293
-290
-258
32
34
-260
-293
-260
49
84
104
108
93
91
113
-128
112
72
33
20
37
16
-298
-329
-302
28
99
108
77
67
103
-101
-86
-126
64
10
-257
24
64
85
69
34
25
33
33
32
36
43
57
81
89
76
57
52
54
65
71
56
40
57
86
104
107
73
54
83
124
124
75
26
11
25
42
39
41
77
-118
-78
-101
103
69
43
-267
-314
-305
6
44
33
18
45
108
-102
-91
-117
90
58
56
69
76
82
85
80
68
69
73
120
-63
-11
-3
-28
-75
-112
-120
-95
-77
-96
104
58
60
93
99
70
40
16
11
54
115
-92
-88
121
84
96
-125
-104
-116
108
102
-127
-111
-124
105
81
65
65
57
39
2
-293
-332
-354
-299
42
106
-128
-119
-90
-52
-38
-60
-120
52
-258
16
53
76
93
106
97
56
21
23
50
69
75
80
82
82
60
11
-279
-278
2
42
80
97
97
116
-93
-83
119
23
-280
3
55
82
86
92
84
49
23
26
41
33
-266
-316
-331
-290
35
81
75
39
12
23
40
40
20
4
16
51
90
114
97
54
33
38
37
16
-258
-280
-300
-290
3
42
54
36
33
65
107
-120
-106
-111
124
102
69
28
-269
-321
-343
-330
-329
-343
-323
-285
4
49
91
117
-123
114
56
17
2
-290
-328
-332
-311
-277
-265
-281
-281
1
37
41
18
9
22
55
97
108
89
64
50
43
25
-258
9
73
-112
-88
-111
97
56
43
51
32
-266
-301
-308
-294
-275
9
66
-109
-61
-61
-91
105
53
61
108
116
68
21
28
84
115
93
49
16
-260
-277
-279
6
53
86
90
65
49
53
64
86
120
124
53
-298
-328
-278
33
36
-259
-277
17
84
-124
-110
-120
112
75
56
66
64
42
10
-284
-305
-298
-290
-280
-264
9
13
20
40
69
72
77
93
117
123
117
113
104
97
116
-102
-79
-101
-128
107
97
83
72
67
53
17
-294
-374
-162
-369
-297
-260
19
69
-112
-46
-11
261
-10
-44
-96
84
24
16
36
40
27
-265
-311
-329
-313
-316
-324
-293
35
115
-102
118
35
-262
17
57
74
60
37
25
34
58
93
96
28
-298
-325
-317
-300
-290
-302
-331
-346
-344
-333
-299
-265
21
73
-128
-99
-122
81
49
48
72
113
-119
-109
-102
-101
-125
81
34
-267
-307
-307
-277
23
56
68
76
101
105
82
32
-263
-267
4
37
67
82
91
101
104
68
1
-300
-302
-285
-264
27
58
61
64
85
112
-127
104
57
3
-309
-295
41
92
89
61
34
7
-262
-259
-258
-264
-291
-328
-347
-341
-329
-331
-347
-362
-369
-371
-371
-347
-330
-339
-360
-369
-356
-323
-309
-316
-298
-266
-259
-264
-284
-316
-314
-269
35
83
-122
-58
258
261
-39
-93
114
85
59
32
6
12
53
93
121
-102
-89
-102
-100
-83
-77
-104
103
68
70
86
86
87
89
82
70
55
50
56
43
17
16
60
-118
-61
-47
-68
-95
-104
-92
-93
-102
-116
114
85
72
55
38
25
11
10
32
76
122
-120
124
90
52
26
5
-259
24
66
88
70
60
87
108
93
67
67
87
92
80
64
64
70
74
91
104
114
119
122
-127
124
104
71
37
26
21
20
54
93
108
120
-112
-105
119
75
53
38
38
57
74
84
86
82
66
52
48
41
29
16
-263
-278
-266
13
33
35
20
-257
-278
-282
-259
36
60
58
40
27
64
118
-107
-111
124
108
84
64
68
71
61
18
-297
-340
-337
-267
96
-76
-55
-73
-92
-86
-84
115
41
0
-259
26
43
34
10
26
65
60
20
-265
-259
38
68
70
44
3
-270
24
96
-110
-90
-108
119
123
-107
-101
-122
87
39
-258
-290
-311
-302
-266
18
19
18
39
66
83
86
76
71
75
71
44
12
-266
-297
-349
-372
-329
-268
34
84
-111
-70
-59
-70
-101
104
65
39
37
42
16
-297
-341
-347
-330
-293
7
20
-306
-141
-378
-268
60
67
48
69
117
-96
-74
-100
97
28
-266
-276
6
73
-85
265
292
-16
-88
120
119
-111
-120
101
83
93
-123
-86
-70
-95
106
57
32
34
34
-263
-316
-324
7
83
84
44
3
-276
-266
-258
-265
-273
-298
-327
-296
59
-80
-31
-63
124
60
38
55
36
-285
-349
-353
-296
22
42
25
-269
-338
-129
-370
-317
-273
6
24
26
-262
-266
54
-105
-73
-116
82
56
86
-109
-71
-89
107
41
9
32
102
-101
-110
99
49
6
-278
-281
-266
5
33
60
76
77
85
93
91
81
77
74
73
85
75
33
-276
-316
-321
-281
-261
-262
3
39
88
106
76
51
73
-127
-99
-102
-102
-91
-105
-112
-123
104
73
42
19
24
59
101
122
122
113
86
33
-277
-280
23
85
120
123
112
90
81
55
4
-284
-278
8
51
92
119
-116
-118
107
71
18
-262
20
69
-121
-57
-41
-95
82
27
-257
-266
-259
4
6
10
44
74
57
24
-258
-278
-268
4
9
17
22
38
27
8
22
64
99
105
77
41
16
-269
-306
-321
-312
-290
8
67
106
-126
-87
-47
-60
-119
92
106
-119
-119
107
70
67
105
124
90
69
99
124
109
72
21
-278
-279
-258
-258
-265
8
49
81
89
55
-265
-314
-313
-259
80
-120
-95
-101
-118
125
106
73
25
-273
-308
-327
-299
22
89
104
71
41
23
12
4
-275
-308
-313
-283
6
24
6
-277
-273
29
90
119
91
41
51
117
-79
-53
-26
-10
-24
-37
-13
295
316
305
296
276
-8
-19
-11
-26
-48
-61
-40
267
309
332
368
149
171
171
138
330
279
268
269
-24
-73
-96
-89
-64
-41
-30
-54
-93
112
75
75
98
119
-121
-102
-86
-78
-106
85
13
-268
-265
7
7
-267
-325
-158
-185
-375
-302
-298
-353
-156
-182
-154
-349
-339
-196
-610
-403
-541
-373
-289
-311
-344
-325
-307
-339
-137
-186
-221
-234
-235
-247
-241
-218
-228
-233
-193
-382
-343
-354
-372
-378
-163
-225
-513
-515
-254
-532
-545
-238
-164
-146
-155
-148
-137
-137
-379
-358
-152
-520
-601
-582
-189
-280
66
87
109
-93
-41
-54
-127
42
-289
-346
-372
-371
-353
-332
-328
-314
-293
-294
-347
-174
-214
-169
-354
-298
2
37
54
83
-128
-92
-94
117
66
27
0
-280
-297
-306
-311
-309
-293
5
71
-108
-27
283
306
293
-20
-100
93
64
40
43
42
25
18
27
51
39
-264
-316
-344
-325
9
92
-109
-61
-10
262
-14
-61
-102
-118
-110
-94
-88
-100
-104
-70
-24
-15
-55
-101
116
42
6
76
-60
282
327
339
332
313
308
337
374
137
129
362
338
301
-4
-63
105
2
-269
96
-14
354
176
217
515
554
535
186
315
-32
-77
-96
-107
-71
-9
273
288
317
352
348
284
-72
97
26
-262
2
55
99
102
105
108
84
35
-276
-331
-145
-209
-195
-363
-292
6
52
55
-273
-340
-334
-299
-293
-313
-346
-369
-134
-178
-202
-189
-177
-170
-371
-273
66
105
116
-120
-120
97
59
50
32
16
1
-268
-269
-285
-328
-363
-364
-339
-317
-311
-298
-264
50
101
98
43
-284
-301
19
96
108
70
37
44
48
10
-257
25
17
-284
-313
-315
-337
-132
-183
-186
-156
-376
-354
-322
-266
56
104
91
50
33
29
25
49
98
123
120
106
90
55
-277
-370
-174
-171
-374
-348
-371
-356
-278
66
-126
-116
100
65
66
98
-116
-103
-125
75
34
35
75
-128
-102
-92
-87
-76
-87
120
77
59
29
-293
-145
-211
-162
-292
83
-115
-116
119
89
57
39
40
42
26
-275
-295
9
70
75
22
-293
-316
-316
-323
-312
-290
-281
-293
-295
-273
22
65
104
118
100
59
11
-274
-270
1
20
65
113
98
50
17
-260
-283
-305
-329
-344
-307
22
51
25
18
56
74
22
-295
-307
-277
3
-269
-325
-360
-366
-354
-334
-311
4
75
118
106
55
23
28
49
40
27
10
4
17
39
67
67
20
-316
-134
-138
-355
-321
-310
-324
-344
-372
-135
-376
-347
-329
-315
-298
-283
-265
-267
-267
-266
-299
-343
-347
-328
-318
-324
-329
-347
-362
-359
-363
-139
-184
-211
-180
-355
-307
-330
-378
-156
-180
-169
-373
-337
-347
-369
-358
-326
-292
-263
3
-280
-328
-349
-370
-149
-179
-179
-142
-376
-161
-225
-235
-189
-166
-177
-182
-172
-184
-209
