49
49
49
49
49
49
49
49
49
49
49
49
49
50
49
49
50
49
50
50
49
49
49
50
49
50
49
49
49
49
50
49
50
50
49
50
50
50
50
50
50
50
50
50
50
50
50
50
50
50
50
50
50
49
50
50
50
50
50
50
50
50
50
50
50
50
50
50
50
50
50
50
50
50
50
50
50
50
50
50
50
51
50
50
50
50
50
50
50
50
50
50
50
50
51
50
50
50
50
50
50
50
50
50
50
50
50
50
50
50
50
50
49
50
49
50
50
50
50
50
50
50
50
50
50
50
50
50
50
50
51
50
50
50
50
50
50
50
50
50
50
50
50
50
50
50
50
50
50
50
50
50
50
50
50
50
50
50
50
50
50
50
50
50
50
50
50
50
50
50
50
50
50
50
50
50
50
50
50
50
50
50
50
50
50
50
50
50
50
50
50
50
50
50
51
50
50
50
50
50
50
50
50
50
50
50
50
51
50
50
50
50
50
50
50
50
50
50
50
50
50
50
50
50
50
50
50
50
50
50
50
50
50
50
50
50
50
50
-531
-529
-516
-252
-517
-522
-252
-228
-214
-217
-213
-204
-200
-196
-185
-180
-179
-182
-180
-171
-177
-187
-195
-174
-147
-135
-134
-378
-357
-354
-361
-353
-331
-321
-313
-307
-296
-289
-286
-282
-263
7
-260
-289
-300
-295
-292
-299
-305
-307
-314
-315
-314
-322
-334
-349
-348
-327
-301
-285
-275
-259
17
23
27
41
52
50
44
52
73
85
71
59
58
55
51
41
27
20
22
33
41
41
26
10
10
33
37
17
10
40
61
67
58
50
49
59
60
50
42
53
69
73
80
81
66
51
55
66
70
70
67
69
74
83
90
99
89
64
59
86
108
98
58
49
66
84
76
60
57
64
61
64
85
104
96
77
71
72
75
74
77
84
74
57
49
48
38
18
10
27
43
40
27
40
64
48
19
17
25
29
34
43
67
84
83
74
83
92
87
68
67
85
92
73
49
34
21
21
28
52
73
81
87
106
107
91
68
44
44
69
74
35
-270
-269
51
-117
-61
-55
-86
-128
105
108
88
22
-299
-327
-329
-324
-307
-273
1
0
-273
-289
-293
-290
-283
-266
6
16
22
28
43
60
60
53
66
97
120
121
119
-124
-107
-95
-101
-92
-73
-69
-63
-45
-28
-47
-71
-62
-37
-37
-54
-61
-59
-59
-63
-68
-57
-41
-30
-32
-31
-42
-58
-63
-42
-28
-29
-41
-42
-46
-61
-70
-62
-57
-63
-69
-60
-56
-71
-93
-110
-100
-72
-41
-64
-105
-105
-84
-76
-84
-104
-118
114
92
112
-120
-118
121
118
-119
-101
-77
-60
-85
-102
-110
124
107
108
124
-119
-103
-85
-117
90
75
100
-119
92
56
101
109
106
109
98
116
124
93
43
23
35
71
83
36
11
25
81
-105
-106
80
17
29
74
106
91
11
-258
33
73
100
56
8
-276
-258
6
-282
-290
-268
-267
-293
-284
-257
20
10
12
43
53
61
60
56
67
53
-260
-269
40
96
68
-258
-294
-273
41
61
41
16
32
68
50
7
20
-123
-74
108
45
49
84
97
118
-126
108
90
75
86
-122
-115
124
-128
-128
-126
-101
-52
-46
-71
-64
-40
-28
-36
-83
-116
-99
-46
-26
-37
-53
-46
-23
-20
258
-6
-36
-64
-79
-91
-92
-74
-96
-90
-71
-58
-56
-84
-85
-24
-32
-123
75
65
90
93
82
80
73
73
101
-124
122
99
40
-263
13
33
27
74
-96
-72
-107
-123
-94
-122
90
80
104
106
81
72
108
-99
-94
116
91
108
105
89
108
-109
-115
-107
-110
120
101
100
104
44
-257
26
67
69
55
72
100
100
115
-115
116
49
19
27
32
21
8
28
54
43
56
104
105
72
9
-263
36
76
77
58
65
-125
-125
26
20
59
72
54
33
52
99
61
32
44
82
75
28
8
22
24
13
-261
-289
-301
-294
-292
-292
-312
-358
-133
-133
-376
-361
-341
-323
-330
-347
-334
-295
-292
-291
-275
-259
9
-258
0
22
64
86
64
20
41
71
101
123
-116
109
87
49
7
17
65
91
105
-112
-96
-116
-128
90
48
28
27
49
58
26
29
40
41
39
21
7
-268
-280
23
35
28
53
48
27
16
32
49
18
-277
-264
7
11
8
28
17
-276
-277
50
120
107
67
38
26
73
124
98
39
28
32
-260
-276
-265
4
8
13
11
-279
-326
-329
-306
1
-298
-376
-374
-326
-302
-330
-131
-158
-132
-360
-353
-309
-298
-301
-285
-276
-258
-257
-281
-283
-275
-292
-311
-293
-265
-264
-284
-317
-311
-279
-324
-364
-374
-382
-142
-170
-172
-380
-345
-344
-337
-334
-357
-379
-360
-370
-135
-356
-317
-328
-130
-149
-365
-315
-298
-298
-349
-131
-337
-266
35
-279
-347
-329
-260
23
-282
-321
-301
-291
-284
-270
-269
-257
25
58
22
-280
-273
19
21
-276
-316
-311
-269
-257
-264
22
57
48
35
22
8
-260
-275
-283
-296
-295
-280
7
59
61
34
25
39
61
65
53
26
28
42
49
75
-115
-120
70
59
109
-85
-116
64
24
41
73
90
104
101
-107
-94
84
80
-99
-92
97
60
80
107
106
103
-108
-91
-117
112
86
104
-127
123
114
124
-89
-68
-101
-127
-118
-94
122
104
112
116
-108
-71
-117
100
122
-117
-124
85
28
33
91
102
83
81
102
-126
115
52
41
97
87
50
25
22
61
123
101
44
33
25
33
48
56
41
42
70
83
102
106
74
49
54
100
104
73
54
60
87
83
73
73
74
92
68
25
36
67
85
69
50
54
64
40
21
-260
-266
-262
-273
3
22
38
53
55
58
49
18
6
25
36
16
-257
45
58
3
-289
-290
-274
-279
-297
-322
-347
-317
5
38
17
-257
26
51
49
19
5
12
26
39
5
-279
-261
11
10
20
32
23
26
22
9
7
48
73
69
40
36
75
125
123
69
33
41
44
13
35
75
65
12
-270
2
41
85
100
86
82
83
105
115
115
93
45
27
54
87
98
98
118
-94
-109
108
121
122
87
57
65
122
-95
-126
83
72
117
-123
89
59
86
112
81
66
70
83
93
100
99
91
70
66
107
-86
-64
-120
89
93
-126
-107
109
52
55
105
114
38
-273
-265
2
8
37
92
-116
120
82
92
105
108
98
86
100
122
-116
-74
-26
-22
-52
-62
-55
-56
-52
-15
275
265
289
312
328
331
328
341
360
360
354
333
277
-11
265
305
321
260
-71
-110
-106
-120
91
55
38
6
-261
8
22
-264
-347
-166
-172
-138
-154
-188
-188
-152
-137
-155
-155
-147
-162
-171
-165
-155
-177
-198
-194
-183
-181
-148
-381
-142
-132
-131
-136
-157
-177
-165
-152
-151
-145
-129
-356
-329
-334
-350
-339
-332
-345
-339
-317
-309
-316
-331
-308
-281
-281
-309
-329
-325
-299
-294
-310
-315
-316
-297
-279
-264
10
29
32
7
-262
-260
2
7
1
4
-257
-269
16
51
42
16
2
18
26
13
17
42
68
57
42
41
77
97
81
85
72
72
69
57
51
37
50
77
87
75
72
72
73
93
-125
-112
118
85
67
64
76
83
54
21
20
43
66
60
57
71
101
87
40
23
32
42
61
64
59
58
40
28
44
53
44
45
48
64
82
69
57
59
74
84
71
48
27
27
55
76
71
61
65
81
99
104
102
103
90
68
72
80
73
54
40
42
55
70
72
43
28
52
92
86
37
19
37
32
5
7
35
50
39
13
-258
2
21
38
22
-263
-290
-281
4
19
8
3
25
48
44
27
45
92
-128
-125
-127
93
40
16
7
8
7
10
10
35
81
90
67
56
69
77
51
1
22
43
22
18
50
69
66
42
33
37
80
108
74
68
96
112
102
119
-119
-126
115
103
102
120
-128
102
101
97
82
84
99
98
89
103
96
43
16
48
81
55
11
-259
1
10
11
-258
-263
22
39
21
12
10
-259
-279
-290
-277
-266
-264
3
4
11
44
55
43
53
53
33
33
24
26
29
39
57
61
37
3
19
52
64
59
72
83
76
60
42
27
28
44
58
45
34
36
29
24
37
53
27
4
-262
1
-261
-281
-265
36
57
33
3
-260
25
40
40
59
9
-307
-308
-262
23
18
5
-261
17
41
57
102
-127
116
99
64
18
34
89
108
96
102
87
65
91
-92
-73
-100
123
96
73
70
69
68
85
88
60
55
82
101
103
113
118
112
107
81
48
50
74
83
68
57
56
51
51
82
100
87
64
60
119
-111
91
61
87
103
93
74
66
56
49
55
48
37
33
13
19
18
17
18
20
18
6
6
7
-257
-283
-270
3
-259
-266
-284
-306
-294
-264
5
-258
3
39
65
52
34
57
114
112
52
19
40
69
59
9
-274
-261
6
-261
-259
27
66
22
-297
-318
-318
-327
-329
-307
-291
-300
-310
-294
-283
-277
-289
-292
-293
-270
38
66
58
0
-295
-314
-322
-337
-357
-354
-330
-317
-312
-308
-290
-264
-264
-284
-297
-281
4
5
-265
-277
2
32
16
-274
-260
34
51
40
24
-258
-264
-257
0
-259
-283
-309
-311
-298
-291
-270
5
32
58
60
44
59
96
96
73
74
72
74
67
35
1
-278
-277
-265
10
20
6
11
34
40
17
-260
-261
-257
16
22
23
25
32
27
34
56
64
20
-258
34
40
13
6
10
17
12
-257
11
75
-125
86
27
20
37
25
1
-274
-285
-286
-273
-263
-261
4
-267
-286
-273
-263
10
22
8
11
8
-267
-264
6
7
5
23
49
48
48
57
55
43
32
39
71
80
60
48
56
80
89
88
91
106
-127
-121
-124
-123
-127
122
-128
-121
113
90
85
89
81
60
60
69
80
73
60
58
70
96
73
44
43
67
82
80
75
69
60
75
108
-111
-108
-123
122
-107
-79
-110
92
69
84
102
82
52
71
116
106
89
88
96
88
72
70
80
73
68
74
90
85
51
27
48
57
50
38
53
75
72
56
67
86
71
43
40
65
83
70
45
50
65
76
73
59
53
52
67
84
104
104
64
45
70
96
96
75
59
71
88
107
108
99
106
103
90
73
67
73
92
115
118
120
125
125
117
109
109
97
76
60
54
55
73
82
54
26
48
60
57
53
60
65
50
42
54
71
80
42
2
19
52
74
81
55
49
42
21
9
35
52
19
-266
6
42
55
36
34
45
41
49
60
54
42
29
17
6
5
11
21
27
26
26
49
61
40
22
5
19
29
-262
-306
-318
-299
-284
-279
-290
-295
-291
-306
-315
-301
-294
-297
-299
-276
2
-262
-290
-307
-286
-269
-273
-277
-282
-261
9
-262
-269
0
20
21
8
4
10
7
-261
5
36
26
-266
-282
-267
0
-257
-260
-261
-261
3
9
18
32
23
25
37
37
21
5
2
4
6
4
-257
6
9
0
-273
-267
-258
-265
-283
-297
-306
-298
-266
6
6
-264
-284
-290
-270
3
2
-265
-270
5
27
26
27
40
48
41
32
29
32
26
26
21
11
11
21
23
9
-267
-295
-291
4
34
23
22
70
107
115
107
106
113
92
86
-126
-75
-68
-92
-104
-59
-37
-63
-104
-93
-71
-88
113
87
123
-127
86
28
-273
-308
-363
-199
-532
-600
-428
-786
-657
-753
-1057
-1099
-1134
-907
-935
-956
-935
-1142
-1117
-902
-901
-1096
-1041
-1035
-1057
-1053
-1031
-744
-722
-706
-653
-824
-476
-401
-595
-521
-184
-376
-311
26
87
114
-95
-41
259
299
356
186
253
552
579
610
416
466
469
452
448
464
468
467
485
501
501
491
466
444
444
449
440
419
386
629
387
392
409
423
632
568
523
233
213
211
187
139
353
339
336
311
-4
-57
-57
-38
-67
122
76
48
-259
-315
-363
-158
-201
-248
-552
-579
-590
-609
-628
-625
-617
-635
-387
-613
-572
-561
-562
-541
-519
-246
-234
-228
-213
-193
-185
-197
-190
-152
-372
-343
-310
-296
-300
-317
-325
-315
-311
-323
-328
-313
-294
-292
-302
-293
-284
-292
-296
-283
-274
-291
-316
-311
-278
5
21
26
45
70
76
64
59
55
38
42
86
120
122
-119
-62
260
280
258
266
343
155
192
198
212
516
566
597
616
387
407
411
417
452
778
816
508
453
452
475
482
473
465
457
450
445
451
434
635
582
545
525
512
227
201
181
153
369
328
292
-8
-48
-88
-87
-59
-77
109
60
38
6
-289
-334
-133
-173
-197
-201
-201
-201
-187
-188
-226
-530
-572
-587
-583
-587
-625
-408
-422
-412
-419
-437
-436
-424
-434
-444
-457
-451
-427
-402
-392
-397
-390
-625
-606
-595
-586
-578
-570
-571
-551
-517
-231
-228
-230
-218
-199
-183
-168
-151
-138
-145
-146
-376
-364
-132
-136
-360
-327
-325
-346
-355
-333
-311
-302
-302
-285
-267
-273
-269
1
5
11
9
8
12
23
28
32
44
51
26
8
26
53
57
58
53
53
58
64
73
93
103
100
102
117
-116
-102
-110
-112
-112
-106
-93
-90
-109
119
104
101
88
72
54
52
74
91
82
60
67
89
101
57
57
67
72
92
106
92
84
97
112
115
109
107
-125
-103
-105
-106
-91
-75
-76
-93
-121
120
125
-104
-83
-75
-77
-87
-88
-76
-56
-51
-61
-60
-46
-42
-64
-80
-80
-76
-83
-103
-104
-80
-75
-87
-99
-95
-83
-73
-69
-72
-78
-84
-86
-79
-87
-93
-91
-90
-92
-105
-120
-108
-95
-104
-119
-116
-93
-78
-105
120
123
-119
-115
-126
117
121
124
116
117
-122
-106
-103
-110
-116
-110
-108
-112
-112
-123
119
120
-124
-116
-120
121
112
113
119
-121
-125
118
117
112
102
103
124
-112
-117
-124
-125
123
98
74
77
97
103
103
100
100
106
117
118
115
101
84
89
119
-122
118
89
91
107
108
100
96
61
19
-258
-266
-260
20
38
42
67
107
-124
124
-122
-94
-95
-128
93
86
98
106
98
87
60
18
-264
3
33
39
0
-284
-265
25
34
-262
-285
-260
12
-268
-292
-275
-262
-277
-282
-289
-301
-315
-312
-291
-277
-280
-280
-274
-281
-291
-286
-273
-263
-270
-290
-283
-258
1
-275
-290
-267
19
35
28
33
52
72
80
81
73
69
70
80
83
76
66
75
98
103
89
61
57
70
73
75
89
112
123
106
81
61
49
37
28
58
115
-84
-53
-44
-32
-19
-16
-37
-63
-78
-90
-110
-126
-125
-109
-127
103
101
114
117
103
90
86
85
76
77
91
100
116
-104
-84
-92
-118
-128
-121
-112
-128
104
107
-124
-118
122
112
109
104
88
70
58
43
25
8
12
22
13
-267
-298
-327
-343
-332
-311
-301
-305
-307
-293
-274
-260
-258
-267
-289
-300
-301
-290
-275
-269
-277
-280
-281
-291
-312
-332
-328
-305
-294
-305
-298
-280
-274
-265
2
4
-262
-275
-285
-293
-293
-306
-326
-333
-317
-295
-285
-293
-291
-278
-277
-284
-296
-291
-283
-292
-283
-257
17
16
9
27
39
35
22
25
35
27
9
1
11
18
18
26
32
22
19
24
39
51
48
48
65
72
67
60
64
66
48
-258
-315
-341
-295
34
85
105
123
-104
-70
-21
274
280
277
301
344
376
135
137
150
173
170
139
378
137
160
152
381
372
360
330
314
316
300
276
261
258
-9
-38
-73
-93
-104
-123
98
72
74
73
41
-257
-291
-311
-326
-347
-344
-325
-310
-305
-296
-289
-300
-346
-130
-133
-376
-360
-349
-341
-345
-360
-369
-359
-348
-358
-369
-353
-328
-321
-337
-345
-333
-323
-326
-329
-314
-305
-308
-311
-312
-317
-323
-326
-324
-312
-299
-302
-311
-294
-262
12
7
-257
-262
-264
-278
-275
8
20
12
12
21
21
16
23
34
33
34
40
54
70
71
59
52
53
65
71
75
81
70
57
53
57
65
64
59
56
59
54
37
40
73
99
96
77
76
96
101
87
70
68
76
89
98
98
98
97
86
73
61
54
43
56
76
71
52
66
98
115
104
74
74
112
-120
121
112
107
99
92
98
96
72
51
59
88
99
87
69
67
80
85
80
84
101
107
101
97
101
105
96
76
80
86
83
65
49
53
60
49
35
43
69
74
64
64
57
34
12
29
45
27
10
16
33
59
70
55
54
66
52
35
34
35
27
19
10
4
-258
-269
-269
-261
-261
-283
-297
-278
0
-260
-259
1
-266
-282
-280
-262
2
0
-263
-262
4
6
1
5
17
23
25
18
20
35
37
11
2
20
39
32
19
24
36
38
39
55
69
59
54
61
69
60
53
43
37
35
32
42
54
69
82
87
106
123
120
100
90
105
113
97
76
84
101
119
-124
-118
-126
106
85
81
82
86
88
84
84
88
84
75
77
82
76
60
54
65
65
41
23
24
32
18
-265
-275
-265
2
13
28
34
27
28
25
20
2
-266
-262
1
-261
-266
-258
13
18
13
21
38
48
32
6
11
36
42
36
35
38
44
42
27
18
11
11
10
13
20
18
0
-258
6
7
2
-257
7
10
1
3
28
49
50
34
34
48
44
19
-279
-330
-375
-376
-328
-263
24
26
50
103
-109
-96
-128
81
53
43
56
81
90
90
71
39
19
3
9
44
52
21
5
7
12
29
42
26
5
7
20
22
24
43
54
38
19
22
48
68
81
99
109
103
86
85
109
-127
125
122
-120
-108
-106
-110
-127
118
125
-121
-100
-80
-105
121
117
-124
-107
-102
-120
120
120
123
121
120
-117
-102
-104
-124
114
115
118
102
92
106
119
124
-128
120
108
107
113
114
106
102
103
112
117
109
107
118
-127
-125
116
105
109
118
122
121
120
113
101
86
88
101
100
84
58
50
65
76
71
72
59
35
25
34
39
41
34
25
35
48
43
38
36
34
34
13
-291
-339
-349
-308
7
37
27
18
21
42
70
76
65
36
7
3
23
41
49
40
4
-290
-316
-348
-365
-357
-323
-296
-290
-298
-301
-290
-281
-290
-289
-280
-282
-278
-259
20
19
8
11
36
53
43
26
21
21
26
35
52
70
70
64
72
97
101
96
92
92
101
112
107
107
105
93
82
70
57
55
52
58
67
71
80
83
86
87
83
70
54
42
36
38
56
76
81
64
57
76
93
96
85
87
99
97
85
85
96
105
90
65
42
23
2
-270
22
114
-71
-53
-37
261
310
339
343
336
323
307
293
315
348
363
370
368
357
340
314
288
276
269
260
256
-5
-21
-41
-60
-62
-60
-67
-88
-110
-123
121
98
85
91
90
72
53
53
60
58
41
23
6
-263
-275
-274
-264
-259
-266
-280
-281
-283
-301
-326
-333
-330
-334
-341
-338
-338
-337
-337
-342
-348
-358
-364
-359
-342
-337
-338
-329
-314
-308
-324
-356
-370
-358
-343
-340
-334
-318
-312
-330
-343
-332
-315
-310
-311
-302
-296
-301
-313
-317
-333
-358
-369
-354
-341
-346
-354
-349
-326
-305
-301
-323
-333
-331
-325
-323
-324
-310
-281
-261
-269
-289
-293
-296
-313
-323
-308
-293
-285
-275
-265
-264
-259
1
8
12
12
16
25
38
33
25
34
35
24
7
-265
-264
0
-265
-273
10
39
40
28
26
29
24
16
9
10
12
2
-275
-278
-261
7
7
7
17
20
16
-261
-262
10
16
6
12
28
32
10
-261
-261
0
-258
1
9
12
11
18
28
21
-262
-263
17
21
2
-264
3
27
50
54
57
72
92
113
105
87
77
60
43
43
51
53
52
55
60
53
26
6
19
52
82
92
86
75
72
69
68
75
76
66
52
59
71
65
54
55
58
60
69
83
96
91
82
74
77
87
86
73
69
67
64
69
85
84
59
28
22
34
48
44
51
68
77
80
80
92
102
101
98
100
102
96
84
84
92
104
108
114
114
105
99
100
100
88
74
68
84
96
80
66
73
88
91
76
44
17
3
-257
-260
-264
-260
0
-259
-266
-266
-261
-261
-267
-268
-269
-281
-284
-278
-284
-301
-309
-297
-278
-268
-273
-269
1
5
-266
-283
-277
-260
-258
-270
-275
1
16
12
20
24
16
4
1
9
20
21
20
20
21
16
4
-259
-261
-265
-278
-282
-279
-275
-279
-284
-277
-262
-266
-276
-263
7
11
0
4
24
41
53
54
48
52
54
54
67
69
65
69
77
84
82
67
64
74
84
80
69
80
85
70
41
24
-259
-295
-299
-264
45
70
33
-267
-275
-265
-282
-317
-355
-377
-136
-153
-166
-179
-196
-225
-247
-522
-536
-552
-563
-561
-539
-536
-553
-551
-533
-529
-549
-553
-539
-536
-548
-552
-534
-516
-252
-248
-234
-225
-227
-229
-220
-213
-216
-227
-232
-241
-247
-244
-230
-212
-199
-205
-215
-199
-173
-151
-139
-133
-129
-380
-370
-332
-289
-274
-296
-323
-339
-343
-323
-273
58
109
125
-118
-86
-52
-40
-45
-47
-42
-15
283
324
346
356
370
132
132
354
314
322
355
369
345
310
300
308
305
298
299
314
322
306
267
-8
-8
-24
-42
-52
-52
-56
-75
-95
-92
-76
-75
-78
-70
-60
-62
-79
-86
-75
-79
-93
-91
-90
-104
-124
122
-110
-87
-86
-95
-105
-100
-88
-93
-109
-117
-110
-110
-120
-121
-125
123
121
123
-128
124
123
-121
-112
-122
115
104
115
-124
-116
-126
116
121
-124
-124
124
120
116
116
121
-128
121
123
-121
-104
-100
-116
120
-126
-95
-87
-104
-108
-91
-88
-102
-112
-109
-108
-121
122
122
123
123
122
114
103
100
102
115
-124
-127
107
104
107
106
101
98
109
-128
124
107
106
121
-127
115
103
115
122
114
104
109
122
-124
118
104
117
-116
-102
-101
-88
-69
-60
-61
-64
-67
-70
-83
-93
-91
-95
-102
-103
-109
-119
122
116
124
115
92
90
106
115
108
93
98
120
-126
-128
-118
-103
-109
-126
122
-124
-112
-120
119
115
122
-127
124
-127
-125
115
87
76
84
72
44
32
37
56
58
43
42
58
61
48
39
52
58
56
52
48
53
64
69
91
124
124
88
72
89
112
106
92
98
108
107
92
86
87
92
85
73
74
74
65
52
39
21
16
35
66
90
104
113
-126
-108
-125
88
64
69
80
64
51
53
58
65
72
76
77
85
85
74
70
72
76
82
74
65
51
25
13
17
22
20
20
28
22
0
5
40
57
39
20
10
9
4
2
8
13
7
-263
-269
-261
5
0
-262
4
10
9
19
38
43
37
28
33
39
41
36
42
54
53
38
25
34
40
33
35
52
57
50
48
49
48
41
38
40
44
48
37
29
27
23
28
29
26
24
32
40
44
38
21
5
8
19
25
32
38
53
61
55
36
16
12
28
28
11
24
58
80
69
50
41
37
32
39
52
58
41
25
35
49
36
13
10
9
0
-265
-259
16
27
22
26
42
54
58
56
53
54
51
44
60
84
90
76
57
54
59
51
49
64
70
64
57
53
53
53
51
45
38
35
27
18
13
18
19
23
27
26
23
28
44
48
35
33
42
51
44
37
41
55
65
58
52
59
55
36
18
19
32
32
23
19
18
27
43
54
56
36
23
36
55
54
38
33
39
48
42
26
19
12
9
9
10
22
32
32
29
35
44
57
51
35
39
43
38
36
44
56
45
34
38
37
17
-265
-274
-261
10
28
39
50
54
49
37
37
45
45
38
35
39
39
26
20
20
17
9
17
33
34
20
13
24
37
37
28
32
53
60
39
24
26
40
57
67
69
69
58
42
53
83
90
64
41
48
48
41
42
50
49
33
28
44
57
57
41
21
13
19
20
19
28
36
23
12
19
33
37
33
22
8
-265
-276
-259
16
24
17
16
40
73
84
81
72
64
59
41
35
39
34
13
5
16
23
11
-266
-277
-268
2
4
4
16
24
27
32
28
27
33
33
25
23
12
1
6
11
21
26
37
49
52
39
29
37
49
44
39
52
67
66
65
82
89
80
70
85
102
108
112
104
90
82
73
70
74
74
69
73
88
101
88
60
59
76
75
45
26
28
33
16
2
12
27
26
16
13
25
27
8
8
36
40
21
22
51
84
97
86
72
66
70
86
115
-122
123
98
83
91
96
90
90
87
83
80
88
113
123
-127
121
115
-126
-99
-76
-75
-88
-96
-102
-96
-74
-46
-44
-38
256
301
348
377
129
131
131
135
149
152
148
165
182
176
138
356
315
313
359
134
353
295
276
280
269
-25
-55
-79
-110
118
108
102
72
13
-283
-284
-276
-277
-292
-313
-338
-338
-316
-301
-316
-363
-133
-374
-345
-342
-364
-129
-131
-146
-171
-186
-181
-166
-139
-378
-134
-141
-134
-132
-148
-154
-165
-177
-154
-362
-347
-372
-381
-358
-328
-322
-322
-321
-311
-292
-264
17
33
52
71
97
-124
-80
-61
-60
-38
264
304
308
296
299
310
290
262
291
331
325
297
306
339
328
284
-5
-32
-70
-105
-123
-125
-123
-120
-128
120
120
119
81
6
-284
-285
-310
-358
-142
-174
-198
-169
-129
-145
-196
-252
-547
-547
-529
-521
-530
-526
-243
-219
-222
-212
-168
-163
-247
-549
-522
-227
-205
-221
-233
-215
-229
-231
-201
-178
-168
-182
-198
-200
-177
-148
-139
-146
-134
-380
-365
-347
-356
-357
-337
-325
-324
-334
-356
-330
-307
-338
-355
-328
-301
-292
-275
-268
-267
-265
-301
-323
-292
-281
-325
-363
-369
-359
-361
-377
-360
-359
-365
-311
-306
-342
-346
-322
-339
-358
-371
-377
-362
-329
-343
-364
-375
-349
-273
1
-285
-297
9
75
98
89
74
43
43
67
59
50
60
43
8
5
25
43
49
51
64
65
43
48
77
96
93
90
87
82
66
72
99
115
122
-96
-15
282
258
-54
-76
-35
-11
-59
-119
125
122
85
81
100
60
-259
-334
-148
-146
-378
-131
-137
-375
-139
-183
-190
-174
-168
-194
-233
-241
-216
-196
-196
-172
-355
-376
-526
-426
-483
-460
-434
-436
-441
-410
-587
-217
-366
-310
-262
57
82
52
58
85
57
26
21
17
-259
-267
2
23
38
76
112
107
100
97
86
69
72
115
115
85
52
41
44
52
53
68
119
-103
120
75
53
76
-123
-118
99
108
-80
-53
-75
-84
-83
-60
-37
-74
-101
-90
-92
-95
-94
-101
-118
-110
-90
-76
49
49
49
49
49
49
49
49
49
49
49
49
49
50
49
49
50
49
50
50
49
49
49
50
49
50
49
49
49
49
50
49
50
50
49
50
50
50
50
50
50
50
50
50
50
50
50
50
50
50
50
50
50
49
50
50
50
50
50
50
50
50
50
50
50
50
50
50
50
50
50
50
50
50
50
50
50
50
50
50
50
51
50
50
50
50
50
50
50
50
50
50
50
50
51
50
50
50
50
50
50
50
50
50
50
50
50
50
50
50
50
50
49
50
49
50
50
50
50
50
50
50
50
50
50
50
50
50
50
50
51
50
50
50
50
50
50
50
50
50
50
50
50
50
50
50
50
50
50
50
50
50
50
50
50
50
50
50
50
50
50
50
50
50
50
50
50
50
50
50
50
50
50
50
50
50
50
50
50
50
50
50
50
50
50
50
50
50
50
50
50
50
50
50
51
50
50
50
50
50
50
50
50
50
50
50
50
51
50
50
50
50
50
50
50
50
50
50
50
50
50
50
50
50
50
50
50
50
50
50
50
50
50
50
50
50
50
50
-531
-529
-516
-252
-517
-522
-252
-228
-214
-217
-213
-204
-200
-196
-185
-180
-179
-182
-180
-171
-177
-187
-195
-174
-147
-135
-134
-378
-357
-354
-361
-353
-331
-321
-313
-307
-296
-289
-286
-282
-263
7
-260
-289
-300
-295
-292
-299
-305
-307
-314
-315
-314
-322
-334
-349
-348
-327
-301
-285
-275
-259
17
23
27
41
52
50
44
52
73
85
71
59
58
55
51
41
27
20
22
33
41
41
26
10
10
33
37
17
10
40
61
67
58
50
49
59
60
50
42
53
69
73
80
81
66
51
55
66
70
70
67
69
74
83
90
99
89
64
59
86
108
98
58
49
66
84
76
60
57
64
61
64
85
104
96
77
71
72
75
74
77
84
74
57
49
48
38
18
10
27
43
40
27
40
64
48
19
17
25
29
34
43
67
84
83
74
83
92
87
68
67
85
92
73
49
34
21
21
28
52
73
81
87
106
107
91
68
44
44
69
74
35
-270
-269
51
-117
-61
-55
-86
-128
105
108
88
22
-299
-327
-329
-324
-307
-273
1
0
-273
-289
-293
-290
-283
-266
6
16
22
28
43
60
60
53
66
97
120
121
119
-124
-107
-95
-101
-92
-73
-69
-63
-45
-28
-47
-71
-62
-37
-37
-54
-61
-59
-59
-63
-68
-57
-41
-30
-32
-31
-42
-58
-63
-42
-28
-29
-41
-42
-46
-61
-70
-62
-57
-63
-69
-60
-56
-71
-93
-110
-100
-72
-41
-64
-105
-105
-84
-76
-84
-104
-118
114
92
112
-120
-118
121
118
-119
-101
-77
-60
-85
-102
-110
124
107
108
124
-119
-103
-85
-117
90
75
100
-119
92
56
101
109
106
109
98
116
124
93
43
23
35
71
83
36
11
25
81
-105
-106
80
17
29
74
106
91
11
-258
33
73
100
56
8
-276
-258
6
-282
-290
-268
-267
-293
-284
-257
20
10
12
43
53
61
60
56
67
53
-260
-269
40
96
68
-258
-294
-273
41
61
41
16
32
68
50
7
20
-123
-74
108
45
49
84
97
118
-126
108
90
75
86
-122
-115
124
-128
-128
-126
-101
-52
-46
-71
-64
-40
-28
-36
-83
-116
-99
-46
-26
-37
-53
-46
-23
-20
258
-6
-36
-64
-79
-91
-92
-74
-96
-90
-71
-58
-56
-84
-85
-24
-32
-123
75
65
90
93
82
80
73
73
101
-124
122
99
40
-263
13
33
27
74
-96
-72
-107
-123
-94
-122
90
80
104
106
81
72
108
-99
-94
116
91
108
105
89
108
-109
-115
-107
-110
120
101
100
104
44
-257
26
67
69
55
72
100
100
115
-115
116
49
19
27
32
21
8
28
54
43
56
104
105
72
9
-263
36
76
77
58
65
-125
-125
26
20
59
72
54
33
52
99
61
32
44
82
75
28
8
22
24
13
-261
-289
-301
-294
-292
-292
-312
-358
-133
-133
-376
-361
-341
-323
-330
-347
-334
-295
-292
-291
-275
-259
9
-258
0
22
64
86
64
20
41
71
101
123
-116
109
87
49
7
17
65
91
105
-112
-96
-116
-128
90
48
28
27
49
58
26
29
40
41
39
21
7
-268
-280
23
35
28
53
48
27
16
32
49
18
-277
-264
7
11
8
28
17
-276
-277
50
120
107
67
38
26
73
124
98
39
28
32
-260
-276
-265
4
8
13
11
-279
-326
-329
-306
1
-298
-376
-374
-326
-302
-330
-131
-158
-132
-360
-353
-309
-298
-301
-285
-276
-258
-257
-281
-283
-275
-292
-311
-293
-265
-264
-284
-317
-311
-279
-324
-364
-374
-382
-142
-170
-172
-380
-345
-344
-337
-334
-357
-379
-360
-370
-135
-356
-317
-328
-130
-149
-365
-315
-298
-298
-349
-131
-337
-266
35
-279
-347
-329
-260
23
-282
-321
-301
-291
-284
-270
-269
-257
25
58
22
-280
-273
19
21
-276
-316
-311
-269
-257
-264
22
57
48
35
22
8
-260
-275
-283
-296
-295
-280
7
59
61
34
25
39
61
65
53
26
28
42
49
75
-115
-120
70
59
109
-85
-116
64
24
41
73
90
104
101
-107
-94
84
80
-99
-92
97
60
80
107
106
103
-108
-91
-117
112
86
104
-127
123
114
124
-89
-68
-101
-127
-118
-94
122
104
112
116
-108
-71
-117
100
122
-117
-124
85
28
33
91
102
83
81
102
-126
115
52
41
97
87
50
25
22
61
123
101
44
33
25
33
48
56
41
42
70
83
102
106
74
49
54
100
104
73
54
60
87
83
73
73
74
92
68
25
36
67
85
69
50
54
64
40
21
-260
-266
-262
-273
3
22
38
53
55
58
49
18
6
25
36
16
-257
45
58
3
-289
-290
-274
-279
-297
-322
-347
-317
5
38
17
-257
26
51
49
19
5
12
26
39
5
-279
-261
11
10
20
32
23
26
22
9
7
48
73
69
40
36
75
125
123
69
33
41
44
13
35
75
65
12
-270
2
41
85
100
86
82
83
105
115
115
93
45
27
54
87
98
98
118
-94
-109
108
121
122
87
57
65
122
-95
-126
83
72
117
-123
89
59
86
112
81
66
70
83
93
100
99
91
70
66
107
-86
-64
-120
89
93
-126
-107
109
52
55
105
114
38
-273
-265
2
8
37
92
-116
120
82
92
105
108
98
86
100
122
-116
-74
-26
-22
-52
-62
-55
-56
-52
-15
275
265
289
312
328
331
328
341
360
360
354
333
277
-11
265
305
321
260
-71
-110
-106
-120
91
55
38
6
-261
8
22
-264
-347
-166
-172
-138
-154
-188
-188
-152
-137
-155
-155
-147
-162
-171
-165
-155
-177
-198
-194
-183
-181
-148
-381
-142
-132
-131
-136
-157
-177
-165
-152
-151
-145
-129
-356
-329
-334
-350
-339
-332
-345
-339
-317
-309
-316
-331
-308
-281
-281
-309
-329
-325
-299
-294
-310
-315
-316
-297
-279
-264
10
29
32
7
-262
-260
2
7
1
4
-257
-269
16
51
42
16
2
18
26
13
17
42
68
57
42
41
77
97
81
85
72
72
69
57
51
37
50
77
87
75
72
72
73
93
-125
-112
118
85
67
64
76
83
54
21
20
43
66
60
57
71
101
87
40
23
32
42
61
64
59
58
40
28
44
53
44
45
48
64
82
69
57
59
74
84
71
48
27
27
55
76
71
61
65
81
99
104
102
103
90
68
72
80
73
54
40
42
55
70
72
43
28
52
92
86
37
19
37
32
5
7
35
50
39
13
-258
2
21
38
22
-263
-290
-281
4
19
8
3
25
48
44
27
45
92
-128
-125
-127
93
40
16
7
8
7
10
10
35
81
90
67
56
69
77
51
1
22
43
22
18
50
69
66
42
33
37
80
108
74
68
96
112
102
119
-119
-126
115
103
102
120
-128
102
101
97
82
84
99
98
89
103
96
43
16
48
81
55
11
-259
1
10
11
-258
-263
22
39
21
12
10
-259
-279
-290
-277
-266
-264
3
4
11
44
55
43
53
53
33
33
24
26
29
39
57
61
37
3
19
52
64
59
72
83
76
60
42
27
28
44
58
45
34
36
29
24
37
53
27
4
-262
1
-261
-281
-265
36
57
33
3
-260
25
40
40
59
9
-307
-308
-262
23
18
5
-261
17
41
57
102
-127
116
99
64
18
34
89
108
96
102
87
65
91
-92
-73
-100
123
96
73
70
69
68
85
88
60
55
82
101
103
113
118
112
107
81
48
50
74
83
68
57
56
51
51
82
100
87
64
60
119
-111
91
61
87
103
93
74
66
56
49
55
48
37
33
13
19
18
17
18
20
18
6
6
7
-257
-283
-270
3
-259
-266
-284
-306
-294
-264
5
-258
3
39
65
52
34
57
114
112
52
19
40
69
59
9
-274
-261
6
-261
-259
27
66
22
-297
-318
-318
-327
-329
-307
-291
-300
-310
-294
-283
-277
-289
-292
-293
-270
38
66
58
0
-295
-314
-322
-337
-357
-354
-330
-317
-312
-308
-290
-264
-264
-284
-297
-281
4
5
-265
-277
2
32
16
-274
-260
34
51
40
24
-258
-264
-257
0
-259
-283
-309
-311
-298
-291
-270
5
32
58
60
44
59
96
96
73
74
72
74
67
35
1
-278
-277
-265
10
20
6
11
34
40
17
-260
-261
-257
16
22
23
25
32
27
34
56
64
20
-258
34
40
13
6
10
17
12
-257
11
75
-125
86
27
20
37
25
1
-274
-285
-286
-273
-263
-261
4
-267
-286
-273
-263
10
22
8
11
8
-267
-264
6
7
5
23
49
48
48
57
55
43
32
39
71
80
60
48
56
80
89
88
91
106
-127
-121
-124
-123
-127
122
-128
-121
113
90
85
89
81
60
60
69
80
73
60
58
70
96
73
44
43
67
82
80
75
69
60
75
108
-111
-108
-123
122
-107
-79
-110
92
69
84
102
82
52
71
116
106
89
88
96
88
72
70
80
73
68
74
90
85
51
27
48
57
50
38
53
75
72
56
67
86
71
43
40
65
83
70
45
50
65
76
73
59
53
52
67
84
104
104
64
45
70
96
96
75
59
71
88
107
108
99
106
103
90
73
67
73
92
115
118
120
125
125
117
109
109
97
76
60
54
55
73
82
54
26
48
60
57
53
60
65
50
42
54
71
80
42
2
19
52
74
81
55
49
42
21
9
35
52
19
-266
6
42
55
36
34
45
41
49
60
54
42
29
17
6
5
11
21
27
26
26
49
61
40
22
5
19
29
-262
-306
-318
-299
-284
-279
-290
-295
-291
-306
-315
-301
-294
-297
-299
-276
2
-262
-290
-307
-286
-269
-273
-277
-282
-261
9
-262
-269
0
20
21
8
4
10
7
-261
5
36
26
-266
-282
-267
0
-257
-260
-261
-261
3
9
18
32
23
25
37
37
21
5
2
4
6
4
-257
6
9
0
-273
-267
-258
-265
-283
-297
-306
-298
-266
6
6
-264
-284
-290
-270
3
2
-265
-270
5
27
26
27
40
48
41
32
29
32
26
26
21
11
11
21
23
9
-267
-295
-291
4
34
23
22
70
107
115
107
106
113
92
86
-126
-75
-68
-92
-104
-59
-37
-63
-104
-93
-71
-88
113
87
123
-127
86
28
-273
-308
-363
-199
-532
-600
-428
-786
-657
-753
-1057
-1099
-1134
-907
-935
-956
-935
-1142
-1117
-902
-901
-1096
-1041
-1035
-1057
-1053
-1031
-744
-722
-706
-653
-824
-476
-401
-595
-521
-184
-376
-311
26
87
114
-95
-41
259
299
356
186
253
552
579
610
416
466
469
452
448
464
468
467
485
501
501
491
466
444
444
449
440
419
386
629
387
392
409
423
632
568
523
233
213
211
187
139
353
339
336
311
-4
-57
-57
-38
-67
122
76
48
-259
-315
-363
-158
-201
-248
-552
-579
-590
-609
-628
-625
-617
-635
-387
-613
-572
-561
-562
-541
-519
-246
-234
-228
-213
-193
-185
-197
-190
-152
-372
-343
-310
-296
-300
-317
-325
-315
-311
-323
-328
-313
-294
-292
-302
-293
-284
-292
-296
-283
-274
-291
-316
-311
-278
5
21
26
45
70
76
64
59
55
38
42
86
120
122
-119
-62
260
280
258
266
343
155
192
198
212
516
566
597
616
387
407
411
417
452
778
816
508
453
452
475
482
473
465
457
450
445
451
434
635
582
545
525
512
227
201
181
153
369
328
292
-8
-48
-88
-87
-59
-77
109
60
38
6
-289
-334
-133
-173
-197
-201
-201
-201
-187
-188
-226
-530
-572
-587
-583
-587
-625
-408
-422
-412
-419
-437
-436
-424
-434
-444
-457
-451
-427
-402
-392
-397
-390
-625
-606
-595
-586
-578
-570
-571
-551
-517
-231
-228
-230
-218
-199
-183
-168
-151
-138
-145
-146
-376
-364
-132
-136
-360
-327
-325
-346
-355
-333
-311
-302
-302
-285
-267
-273
-269
1
5
11
9
8
12
23
28
32
44
51
26
8
26
53
57
58
53
53
58
64
73
93
103
100
102
117
-116
-102
-110
-112
-112
-106
-93
-90
-109
119
104
101
88
72
54
52
74
91
82
60
67
89
101
57
57
67
72
92
106
92
84
97
112
115
109
107
-125
-103
-105
-106
-91
-75
-76
-93
-121
120
125
-104
-83
-75
-77
-87
-88
-76
-56
-51
-61
-60
-46
-42
-64
-80
-80
-76
-83
-103
-104
-80
-75
-87
-99
-95
-83
-73
-69
-72
-78
-84
-86
-79
-87
-93
-91
-90
-92
-105
-120
-108
-95
-104
-119
-116
-93
-78
-105
120
123
-119
-115
-126
117
121
124
116
117
-122
-106
-103
-110
-116
-110
-108
-112
-112
-123
119
120
-124
-116
-120
121
112
113
119
-121
-125
118
117
112
102
103
124
-112
-117
-124
-125
123
98
74
77
97
103
103
100
100
106
117
118
115
101
84
89
119
-122
118
89
91
107
108
100
96
61
19
-258
-266
-260
20
38
42
67
107
-124
124
-122
-94
-95
-128
93
86
98
106
98
87
60
18
-264
3
33
39
0
-284
-265
25
34
-262
-285
-260
12
-268
-292
-275
-262
-277
-282
-289
-301
-315
-312
-291
-277
-280
-280
-274
-281
-291
-286
-273
-263
-270
-290
-283
-258
1
-275
-290
-267
19
35
28
33
52
72
80
81
73
69
70
80
83
76
66
75
98
103
89
61
57
70
73
75
89
112
123
106
81
61
49
37
28
58
115
-84
-53
-44
-32
-19
-16
-37
-63
-78
-90
-110
-126
-125
-109
-127
103
101
114
117
103
90
86
85
76
77
91
100
116
-104
-84
-92
-118
-128
-121
-112
-128
104
107
-124
-118
122
112
109
104
88
70
58
43
25
8
12
22
13
-267
-298
-327
-343
-332
-311
-301
-305
-307
-293
-274
-260
-258
-267
-289
-300
-301
-290
-275
-269
-277
-280
-281
-291
-312
-332
-328
-305
-294
-305
-298
-280
-274
-265
2
4
-262
-275
-285
-293
-293
-306
-326
-333
-317
-295
-285
-293
-291
-278
-277
-284
-296
-291
-283
-292
-283
-257
17
16
9
27
39
35
22
25
35
27
9
1
11
18
18
26
32
22
19
24
39
51
48
48
65
72
67
60
64
66
48
-258
-315
-341
-295
34
85
105
123
-104
-70
-21
274
280
277
301
344
376
135
137
150
173
170
139
378
137
160
152
381
372
360
330
314
316
300
276
261
258
-9
-38
-73
-93
-104
-123
98
72
74
73
41
-257
-291
-311
-326
-347
-344
-325
-310
-305
-296
-289
-300
-346
-130
-133
-376
-360
-349
-341
-345
-360
-369
-359
-348
-358
-369
-353
-328
-321
-337
-345
-333
-323
-326
-329
-314
-305
-308
-311
-312
-317
-323
-326
-324
-312
-299
-302
-311
-294
-262
12
7
-257
-262
-264
-278
-275
8
20
12
12
21
21
16
23
34
33
34
40
54
70
71
59
52
53
65
71
75
81
70
57
53
57
65
64
59
56
59
54
37
40
73
99
96
77
76
96
101
87
70
68
76
89
98
98
98
97
86
73
61
54
43
56
76
71
52
66
98
115
104
74
74
112
-120
121
112
107
99
92
98
96
72
51
59
88
99
87
69
67
80
85
80
84
101
107
101
97
101
105
96
76
80
86
83
65
49
53
60
49
35
43
69
74
64
64
57
34
12
29
45
27
10
16
33
59
70
55
54
66
52
35
34
35
27
19
10
4
-258
-269
-269
-261
-261
-283
-297
-278
0
-260
-259
1
-266
-282
-280
-262
2
0
-263
-262
4
6
1
5
17
23
25
18
20
35
37
11
2
20
39
32
19
24
36
38
39
55
69
59
54
61
69
60
53
43
37
35
32
42
54
69
82
87
106
123
120
100
90
105
113
97
76
84
101
119
-124
-118
-126
106
85
81
82
86
88
84
84
88
84
75
77
82
76
60
54
65
65
41
23
24
32
18
-265
-275
-265
2
13
28
34
27
28
25
20
2
-266
-262
1
-261
-266
-258
13
18
13
21
38
48
32
6
11
36
42
36
35
38
44
42
27
18
11
11
10
13
20
18
0
-258
6
7
2
-257
7
10
1
3
28
49
50
34
34
48
44
19
-279
-330
-375
-376
-328
-263
24
26
50
103
-109
-96
-128
81
53
43
56
81
90
90
71
39
19
3
9
44
52
21
5
7
12
29
42
26
5
7
20
22
24
43
54
38
19
22
48
68
81
99
109
103
86
85
109
-127
125
122
-120
-108
-106
-110
-127
118
125
-121
-100
-80
-105
121
117
-124
-107
-102
-120
120
120
123
121
120
-117
-102
-104
-124
114
115
118
102
92
106
119
124
-128
120
108
107
113
114
106
102
103
112
117
109
107
118
-127
-125
116
105
109
118
122
121
120
113
101
86
88
101
100
84
58
50
65
76
71
72
59
35
25
34
39
41
34
25
35
48
43
38
36
34
34
13
-291
-339
-349
-308
7
37
27
18
21
42
70
76
65
36
7
3
23
41
49
40
4
-290
-316
-348
-365
-357
-323
-296
-290
-298
-301
-290
-281
-290
-289
-280
-282
-278
-259
20
19
8
11
36
53
43
26
21
21
26
35
52
70
70
64
72
97
101
96
92
92
101
112
107
107
105
93
82
70
57
55
52
58
67
71
80
83
86
87
83
70
54
42
36
38
56
76
81
64
57
76
93
96
85
87
99
97
85
85
96
105
90
65
42
23
2
-270
22
114
-71
-53
-37
261
310
339
343
336
323
307
293
315
348
363
370
368
357
340
314
288
276
269
260
256
-5
-21
-41
-60
-62
-60
-67
-88
-110
-123
121
98
85
91
90
72
53
53
60
58
41
23
6
-263
-275
-274
-264
-259
-266
-280
-281
-283
-301
-326
-333
-330
-334
-341
-338
-338
-337
-337
-342
-348
-358
-364
-359
-342
-337
-338
-329
-314
-308
-324
-356
-370
-358
-343
-340
-334
-318
-312
-330
-343
-332
-315
-310
-311
-302
-296
-301
-313
-317
-333
-358
-369
-354
-341
-346
-354
-349
-326
-305
-301
-323
-333
-331
-325
-323
-324
-310
-281
-261
-269
-289
-293
-296
-313
-323
-308
-293
-285
-275
-265
-264
-259
1
8
12
12
16
25
38
33
25
34
35
24
7
-265
-264
0
-265
-273
10
39
40
28
26
29
24
16
9
10
12
2
-275
-278
-261
7
7
7
17
20
16
-261
-262
10
16
6
12
28
32
10
-261
-261
0
-258
1
9
12
11
18
28
21
-262
-263
17
21
2
-264
3
27
50
54
57
72
92
113
105
87
77
60
43
43
51
53
52
55
60
53
26
6
19
52
82
92
86
75
72
69
68
75
76
66
52
59
71
65
54
55
58
60
69
83
96
91
82
74
77
87
86
73
69
67
64
69
85
84
59
28
22
34
48
44
51
68
77
80
80
92
102
101
98
100
102
96
84
84
92
104
108
114
114
105
99
100
100
88
74
68
84
96
80
66
73
88
91
76
44
17
3
-257
-260
-264
-260
0
-259
-266
-266
-261
-261
-267
-268
-269
-281
-284
-278
-284
-301
-309
-297
-278
-268
-273
-269
1
5
-266
-283
-277
-260
-258
-270
-275
1
16
12
20
24
16
4
1
9
20
21
20
20
21
16
4
-259
-261
-265
-278
-282
-279
-275
-279
-284
-277
-262
-266
-276
-263
7
11
0
4
24
41
53
54
48
52
54
54
67
69
65
69
77
84
82
67
64
74
84
80
69
80
85
70
41
24
-259
-295
-299
-264
45
70
33
-267
-275
-265
-282
-317
-355
-377
-136
-153
-166
-179
-196
-225
-247
-522
-536
-552
-563
-561
-539
-536
-553
-551
-533
-529
-549
-553
-539
-536
-548
-552
-534
-516
-252
-248
-234
-225
-227
-229
-220
-213
-216
-227
-232
-241
-247
-244
-230
-212
-199
-205
-215
-199
-173
-151
-139
-133
-129
-380
-370
-332
-289
-274
-296
-323
-339
-343
-323
-273
58
109
125
-118
-86
-52
-40
-45
-47
-42
-15
283
324
346
356
370
132
132
354
314
322
355
369
345
310
300
308
305
298
299
314
322
306
267
-8
-8
-24
-42
-52
-52
-56
-75
-95
-92
-76
-75
-78
-70
-60
-62
-79
-86
-75
-79
-93
-91
-90
-104
-124
122
-110
-87
-86
-95
-105
-100
-88
-93
-109
-117
-110
-110
-120
-121
-125
123
121
123
-128
124
123
-121
-112
-122
115
104
115
-124
-116
-126
116
121
-124
-124
124
120
116
116
121
-128
121
123
-121
-104
-100
-116
120
-126
-95
-87
-104
-108
-91
-88
-102
-112
-109
-108
-121
122
122
123
123
122
114
103
100
102
115
-124
-127
107
104
107
106
101
98
109
-128
124
107
106
121
-127
115
103
115
122
114
104
109
122
-124
118
104
117
-116
-102
-101
-88
-69
-60
-61
-64
-67
-70
-83
-93
-91
-95
-102
-103
-109
-119
122
116
124
115
92
90
106
115
108
93
98
120
-126
-128
-118
-103
-109
-126
122
-124
-112
-120
119
115
122
-127
124
-127
-125
115
87
76
84
72
44
32
37
56
58
43
42
58
61
48
39
52
58
56
52
48
53
64
69
91
124
124
88
72
89
112
106
92
98
108
107
92
86
87
92
85
73
74
74
65
52
39
21
16
35
66
90
104
113
-126
-108
-125
88
64
69
80
64
51
53
58
65
72
76
77
85
85
74
70
72
76
82
74
65
51
25
13
17
22
20
20
28
22
0
5
40
57
39
20
10
9
4
2
8
13
7
-263
-269
-261
5
0
-262
4
10
9
19
38
43
37
28
33
39
41
36
42
54
53
38
25
34
40
33
35
52
57
50
48
49
48
41
38
40
44
48
37
29
27
23
28
29
26
24
32
40
44
38
21
5
8
19
25
32
38
53
61
55
36
16
12
28
28
11
24
58
80
69
50
41
37
32
39
52
58
41
25
35
49
36
13
10
9
0
-265
-259
16
27
22
26
42
54
58
56
53
54
51
44
60
84
90
76
57
54
59
51
49
64
70
64
57
53
53
53
51
45
38
35
27
18
13
18
19
23
27
26
23
28
44
48
35
33
42
51
44
37
41
55
65
58
52
59
55
36
18
19
32
32
23
19
18
27
43
54
56
36
23
36
55
54
38
33
39
48
42
26
19
12
9
9
10
22
32
32
29
35
44
57
51
35
39
43
38
36
44
56
45
34
38
37
17
-265
-274
-261
10
28
39
50
54
49
37
37
45
45
38
35
39
39
26
20
20
17
9
17
33
34
20
13
24
37
37
28
32
53
60
39
24
26
40
57
67
69
69
58
42
53
83
90
64
41
48
48
41
42
50
49
33
28
44
57
57
41
21
13
19
20
19
28
36
23
12
19
33
37
33
22
8
-265
-276
-259
16
24
17
16
40
73
84
81
72
64
59
41
35
39
34
13
5
16
23
11
-266
-277
-268
2
4
4
16
24
27
32
28
27
33
33
25
23
12
1
6
11
21
26
37
49
52
39
29
37
49
44
39
52
67
66
65
82
89
80
70
85
102
108
112
104
90
82
73
70
74
74
69
73
88
101
88
60
59
76
75
45
26
28
33
16
2
12
27
26
16
13
25
27
8
8
36
40
21
22
51
84
97
86
72
66
70
86
115
-122
123
98
83
91
96
90
90
87
83
80
88
113
123
-127
121
115
-126
-99
-76
-75
-88
-96
-102
-96
-74
-46
-44
-38
256
301
348
377
129
131
131
135
149
152
148
165
182
176
138
356
315
313
359
134
353
295
276
280
269
-25
-55
-79
-110
118
108
102
72
13
-283
-284
-276
-277
-292
-313
-338
-338
-316
-301
-316
-363
-133
-374
-345
-342
-364
-129
-131
-146
-171
-186
-181
-166
-139
-378
-134
-141
-134
-132
-148
-154
-165
-177
-154
-362
-347
-372
-381
-358
-328
-322
-322
-321
-311
-292
-264
17
33
52
71
97
-124
-80
-61
-60
-38
264
304
308
296
299
310
290
262
291
331
325
297
306
339
328
284
-5
-32
-70
-105
-123
-125
-123
-120
-128
120
120
119
81
6
-284
-285
-310
-358
-142
-174
-198
-169
-129
-145
-196
-252
-547
-547
-529
-521
-530
-526
-243
-219
-222
-212
-168
-163
-247
-549
-522
-227
-205
-221
-233
-215
-229
-231
-201
-178
-168
-182
-198
-200
-177
-148
-139
-146
-134
-380
-365
-347
-356
-357
-337
-325
-324
-334
-356
-330
-307
-338
-355
-328
-301
-292
-275
-268
-267
-265
-301
-323
-292
-281
-325
-363
-369
-359
-361
-377
-360
-359
-365
-311
-306
-342
-346
-322
-339
-358
-371
-377
-362
-329
-343
-364
-375
-349
-273
1
-285
-297
9
75
98
89
74
43
43
67
59
50
60
43
8
5
25
43
49
51
64
65
43
48
77
96
93
90
87
82
66
72
99
115
122
-96
-15
282
258
-54
-76
-35
-11
-59
-119
125
122
85
81
100
60
-259
-334
-148
-146
-378
-131
-137
-375
-139
-183
-190
-174
-168
-194
-233
-241
-216
-196
-196
-172
-355
-376
-526
-426
-483
-460
-434
-436
-441
-410
-587
-217
-366
-310
-262
57
82
52
58
85
57
26
21
17
-259
-267
2
23
38
76
112
107
100
97
86
69
72
115
115
85
52
41
44
52
53
68
119
-103
120
75
53
76
-123
-118
99
108
-80
-53
-75
-84
-83
-60
-37
-74
-101
-90
-92
-95
-94
-101
-118
-110
-90
-76
