48
45
45
45
43
41
40
42
44
44
44
45
48
49
48
44
43
42
41
41
42
44
44
45
48
49
48
44
41
41
44
44
43
42
42
44
44
43
44
44
44
44
44
44
45
48
48
43
39
37
39
40
37
37
38
38
39
39
40
41
41
40
38
39
41
42
42
43
43
39
37
38
40
41
42
41
39
39
43
50
51
48
42
40
42
43
41
40
41
40
36
34
36
40
41
40
38
34
32
32
35
37
37
37
34
34
37
40
38
40
48
51
50
45
44
41
39
41
42
40
40
48
52
54
55
56
58
57
54
51
49
48
43
42
41
42
48
54
59
61
64
64
61
59
57
55
53
52
51
52
53
55
57
57
54
51
50
50
48
42
39
37
26
18
25
42
51
43
25
17
33
54
65
64
58
54
53
53
50
38
22
4
-266
-268
4
24
35
27
13
5
0
-258
-260
-267
-277
-277
-274
-270
-278
-294
-316
-340
-354
-360
-356
-334
-308
-295
-293
-293
-299
-309
-313
-327
-342
-348
-348
-341
-329
-325
-322
-308
-291
-290
-305
-301
-280
-264
-257
2
-258
-263
-264
-268
-281
-278
-264
-259
-302
-321
-299
-276
0
37
97
-110
-100
-111
-125
-124
-109
-109
113
64
11
-270
16
64
88
85
77
66
37
19
5
-262
-257
43
93
122
-120
-111
-124
90
65
69
69
49
32
22
19
23
56
98
107
80
42
37
73
116
99
41
-282
-347
-362
-314
1
12
23
51
80
82
55
35
40
60
87
98
86
53
22
-267
-275
-260
-280
-322
-300
13
88
-117
-104
-109
-128
106
98
80
54
36
52
91
101
104
121
-124
124
122
117
87
48
18
8
13
34
69
118
-117
-109
-108
123
85
45
42
84
107
88
68
65
64
65
84
118
-125
93
56
84
-94
-60
-102
120
98
54
9
-257
28
80
112
121
118
101
81
87
118
-105
-95
-116
121
116
-122
-121
97
37
-281
-358
-154
-376
-276
89
-60
281
329
331
296
-14
-69
-106
115
43
-276
-317
-332
-273
105
-62
-57
-76
-78
-71
-53
-20
-6
-53
118
44
17
19
26
11
-295
-357
-130
-377
-361
-324
-277
10
23
21
8
-266
-282
-298
-292
-262
25
60
87
83
45
-281
-347
-359
-340
-305
-258
39
72
114
-107
-107
115
68
21
-264
-268
5
38
39
33
41
17
-292
-339
-378
-140
-376
-333
-293
-261
13
34
64
76
84
83
65
40
22
-265
-280
-264
-267
-290
-308
-317
-307
-261
50
107
-121
115
101
121
-109
-121
74
23
5
-269
-293
-292
-282
-277
-277
-284
-315
-339
-321
-279
-261
7
34
35
19
12
19
42
58
43
22
28
40
18
-274
-298
-323
-350
-356
-327
-273
27
55
91
120
-126
-126
89
29
-278
-313
-338
-361
-347
-263
73
100
66
1
-294
-281
3
5
-277
-306
-316
-289
17
39
17
-273
1
69
124
-106
-107
-96
-75
-79
-123
84
55
60
84
100
109
103
83
48
13
-270
-313
-334
-323
-305
-277
1
-259
-266
-263
5
9
2
17
59
106
-128
-121
-123
120
121
116
88
56
26
3
2
8
27
65
65
41
32
32
28
21
10
3
17
34
34
9
2
28
90
-99
-104
83
35
20
24
23
6
11
52
84
83
58
39
24
-257
-301
-337
-360
-370
-343
-297
-257
13
0
-264
-273
-311
-362
-370
-321
16
82
-122
-76
-53
-56
-72
-110
91
44
23
16
5
-274
-313
-340
-333
-296
6
13
22
49
81
116
-121
120
90
90
97
76
64
72
90
85
80
105
-117
-109
-107
-108
118
93
81
75
85
98
105
102
108
87
6
-338
-131
-366
-299
23
57
69
93
-128
-126
117
84
29
-264
6
65
113
-115
-119
87
21
-268
-266
20
51
36
22
58
107
-111
-94
-87
-78
-83
-94
-117
118
93
54
39
53
59
55
34
5
-260
12
33
28
37
64
91
124
-102
-69
-8
311
327
282
-30
-78
-103
-108
107
35
-286
-324
-316
-293
19
102
-75
-31
-19
-19
-12
-4
-10
-56
-112
116
98
51
-265
-293
-280
-268
-280
-262
45
52
8
8
65
113
118
-128
-92
-61
-36
-22
-27
-71
117
65
22
-290
-348
-359
-316
3
87
-89
-71
-84
-58
-44
-91
115
96
108
113
99
66
13
-279
-266
41
81
87
107
125
-109
-96
-92
-106
90
16
-308
-305
45
-120
-107
113
82
105
-90
-60
-62
-58
-44
-22
-9
-6
-41
-123
52
16
38
56
42
13
1
1
-261
-273
-286
-275
9
26
7
-278
-292
-282
-262
-261
-268
-286
-314
-313
-268
32
48
51
49
49
55
45
42
55
70
81
56
-258
-316
-345
-332
-307
-322
-344
-312
-263
19
22
23
34
28
20
20
28
25
12
12
1
-265
0
-258
-261
43
98
88
19
-307
-306
21
103
120
91
72
71
70
44
-263
-323
-354
-323
17
87
118
117
93
91
105
100
60
0
-286
-259
49
61
36
0
-257
32
32
1
5
36
58
58
45
33
40
66
88
77
38
9
-276
-307
-292
-258
1
2
22
56
69
48
27
40
50
20
-261
-261
-269
-307
-338
-323
-306
-322
-330
-289
43
108
-119
-127
99
48
3
-277
-273
5
19
20
3
-266
5
44
77
91
74
40
12
17
43
64
56
36
23
27
42
52
44
27
8
8
41
104
-128
113
106
-128
125
99
49
-273
-340
-375
-337
-258
57
81
71
52
33
3
-257
36
55
32
1
6
41
90
120
93
43
11
8
26
48
52
43
56
68
52
20
-265
-266
7
10
0
-260
-260
-259
-283
-344
-152
-168
-357
-274
35
60
81
117
-103
-100
108
34
0
7
-258
10
55
87
101
118
113
85
57
33
-263
-296
-285
5
19
32
71
103
104
84
72
91
107
92
70
37
19
36
51
40
17
4
1
10
59
113
103
59
22
16
25
22
2
11
39
58
89
122
120
118
120
103
73
38
19
26
36
58
91
88
50
29
51
64
53
32
12
1
-263
2
17
32
41
48
42
50
60
56
27
-262
-257
43
69
54
48
67
101
-118
-111
122
91
69
64
72
69
32
-262
-296
-311
-277
59
120
124
96
83
100
-122
-101
-109
-126
119
105
98
93
98
88
43
-270
-298
-291
-291
-300
-289
2
32
37
39
36
51
72
51
11
26
69
68
35
22
24
20
6
8
19
29
42
51
57
69
58
23
1
11
65
-128
-110
113
88
98
-126
-118
-127
81
17
-263
12
60
91
70
32
34
57
59
43
27
34
60
84
106
125
124
121
118
119
118
114
99
54
7
24
73
71
50
45
64
82
82
89
80
56
57
87
115
109
73
56
77
119
-102
-99
-127
73
27
37
70
87
73
42
13
8
27
57
59
35
9
5
24
49
49
65
74
48
1
-292
-306
-294
-259
43
90
-120
-89
-87
-105
122
105
100
61
8
-265
2
21
37
60
50
17
12
26
27
33
40
38
36
43
36
1
-281
-270
22
53
72
80
87
101
119
118
73
-257
-302
-299
-265
21
43
59
69
69
58
22
-285
-324
-323
-274
24
40
43
54
70
76
54
19
-264
-266
11
49
67
60
24
1
5
12
11
9
35
81
124
-111
-117
119
80
59
64
67
58
41
39
36
42
58
71
65
41
37
55
70
71
68
67
85
92
59
1
-308
-338
-313
-278
-277
-267
36
99
-93
-64
-90
-110
-100
-90
-124
64
4
-299
-293
24
64
49
3
-281
-258
50
84
92
86
73
60
60
69
77
86
80
67
60
58
61
60
48
35
20
-259
-266
13
44
68
91
96
102
121
105
64
36
16
-278
-321
-326
-308
-306
-311
-295
3
64
104
112
93
58
28
22
32
51
56
44
43
86
-120
-101
-107
119
71
35
4
-275
-277
-285
-310
-302
1
69
-122
-69
-41
-46
-89
125
105
76
37
-260
-282
-292
-317
-344
-338
-296
-257
37
61
57
83
-112
-86
-112
97
54
3
-294
-289
-261
8
18
37
55
57
77
-122
-84
-116
85
53
34
10
-266
-283
-265
18
27
23
21
26
33
34
41
42
36
52
85
108
104
66
37
33
32
23
16
-262
-297
-323
-293
19
42
37
34
39
41
39
32
20
11
34
41
52
80
97
91
76
38
13
18
24
13
-264
-285
-283
7
38
38
44
60
92
-124
-93
-76
-75
-93
-124
99
44
19
9
-275
-301
-296
-260
40
67
76
87
90
65
38
39
38
12
-270
-278
-258
37
101
-119
124
97
90
116
-108
-93
-86
-90
-110
122
103
75
41
12
6
-259
-268
11
57
85
100
-127
-107
-94
-73
-61
-90
99
40
21
27
18
-259
-260
8
44
75
87
83
68
68
68
75
89
98
99
91
82
68
41
6
-260
7
28
41
33
44
81
90
58
33
32
57
84
108
-115
-80
-79
-110
107
87
61
26
18
38
61
72
74
84
91
75
26
-290
-311
-269
73
-100
-76
-122
85
64
41
7
3
23
35
18
-266
-276
-275
-277
-283
-302
-325
-327
-279
59
-118
-76
-84
-103
-107
-109
-112
-100
-86
-100
122
91
65
55
50
32
4
-276
-283
3
36
35
18
-262
-279
-280
-290
-302
-315
-315
-293
-265
-257
-257
4
53
-117
-57
-80
117
89
102
-124
121
57
-258
-260
29
69
98
119
-128
-126
-112
-101
-103
119
80
58
55
50
32
5
6
27
34
43
53
55
53
58
56
34
25
33
23
9
24
53
38
-278
-306
-264
52
103
-118
-96
-87
-77
-89
-125
89
59
21
-266
-282
-285
-269
24
64
67
49
56
83
108
119
108
83
45
16
2
7
12
17
57
-118
-80
-108
116
104
98
92
90
86
74
64
45
20
-269
-311
-347
-132
-148
-369
-298
33
108
-96
-122
67
27
13
21
76
-117
-48
307
373
357
306
296
328
338
276
-64
-106
-76
-20
296
342
137
183
203
199
136
301
-38
-77
-78
-68
-70
-103
108
119
-96
-80
-87
122
32
-284
2
77
-127
119
35
-359
-216
-235
-187
-151
-168
-205
-198
-376
-317
-361
-233
-602
-620
-585
-577
-603
-610
-610
-610
-606
-396
-421
-619
-538
-221
-180
-156
-142
-152
-179
-219
-549
-634
-411
-632
-582
-533
-243
-247
-537
-563
-562
-564
-594
-603
-571
-529
-515
-540
-572
-579
-563
-551
-552
-555
-547
-535
-521
-514
-516
-515
-235
-197
-173
-194
-228
-236
-215
-199
-209
-228
-221
-174
-146
-170
-217
-225
-186
-140
-363
-365
-137
-129
-326
-284
-279
-295
-324
-345
-334
-312
-297
-278
-261
1
4
2
22
58
67
48
24
8
-269
-316
-334
-299
22
86
120
-111
-73
-31
-7
-15
-52
-93
-125
114
97
84
106
-101
-75
-69
-48
-16
259
256
263
308
342
331
293
256
-27
-61
-90
-105
-126
116
-125
-90
-61
-38
-22
-10
-12
-43
-69
-64
-52
-57
-79
-101
-96
-73
-43
-32
-56
-96
125
121
-106
-71
-54
-55
-57
-44
-25
-21
-27
-46
-69
-63
-52
-46
-41
-41
-57
-89
-93
-63
-28
-29
-68
-92
-80
-46
-26
-29
-47
-77
-111
103
75
66
90
-100
-58
-68
-68
-42
-25
-35
-67
-93
-122
87
44
38
90
-105
-105
118
107
124
-121
117
83
70
86
101
116
-120
-123
102
39
-269
-260
48
84
108
122
-123
-105
-88
-95
-126
92
69
51
43
29
-258
-266
-268
-310
-350
-329
-267
53
108
118
86
70
89
116
101
48
7
-258
10
40
61
68
68
72
74
67
75
116
-83
-48
-54
-88
123
102
119
-102
-79
-91
120
86
92
-128
-105
-115
97
48
50
84
124
-96
-79
-70
-73
-104
112
85
73
89
114
106
81
73
82
81
74
88
114
117
109
-128
-99
-70
-62
-79
-112
119
102
73
65
75
64
26
23
70
114
-124
120
92
89
98
93
73
52
36
34
48
61
84
99
106
105
84
60
65
84
84
66
65
68
57
27
-258
-273
-267
10
43
68
82
84
90
103
119
-123
-122
115
102
108
-122
-105
-101
-116
98
60
53
39
3
-292
-292
-258
48
89
119
-102
-61
-52
-57
-92
85
11
-266
11
50
75
96
93
72
48
41
32
4
-264
11
60
116
-108
-118
109
88
60
35
25
42
75
122
-100
-106
88
12
-276
-268
17
50
59
54
56
85
-125
-117
120
108
97
88
102
115
116
112
102
83
61
67
85
89
66
39
38
54
69
80
80
83
67
23
-269
-292
-285
-263
16
39
72
103
-121
-99
123
48
-278
-298
2
81
-115
-88
-86
-89
-106
-124
117
82
37
16
27
60
92
106
99
70
43
28
16
17
26
24
25
58
98
106
92
52
36
69
92
83
75
68
45
48
74
97
86
68
73
93
100
84
69
58
25
1
0
5
11
23
36
34
18
6
0
-264
-283
-300
-294
-263
29
60
81
80
54
16
0
10
32
41
50
69
90
107
117
-124
-121
107
82
81
83
54
26
32
49
56
48
35
39
51
55
50
28
10
23
55
68
65
59
72
97
105
93
76
68
67
60
39
9
4
28
75
96
76
85
121
-111
-120
112
69
36
44
75
90
85
73
-124
116
93
77
72
72
82
82
57
39
42
50
58
66
44
16
7
35
54
48
41
35
19
9
3
-264
-275
-284
-281
7
36
39
35
36
37
38
51
70
81
73
67
82
83
64
72
103
107
96
96
99
76
48
36
23
8
5
27
64
93
117
-120
-128
88
49
13
-259
-262
-261
-260
-259
12
37
36
7
-269
-270
-261
-260
1
27
70
89
81
76
72
34
-269
-283
-264
3
-266
-269
8
33
48
52
52
35
-265
-290
-268
17
43
55
58
66
74
85
99
87
68
59
43
17
5
12
25
32
32
11
-280
-286
-268
-275
-294
-295
-274
32
77
83
60
56
58
60
80
91
74
38
1
-283
-283
5
44
59
48
37
41
65
88
81
56
61
75
74
68
54
57
69
73
76
69
65
67
75
97
105
86
53
33
18
10
12
7
3
10
39
64
65
59
58
51
38
28
24
29
48
76
118
-124
100
72
76
99
115
88
19
-298
-311
-282
3
28
49
58
66
76
88
90
96
93
76
44
22
22
28
28
8
-261
8
26
29
41
61
76
75
66
55
52
54
43
24
35
64
71
66
72
97
109
100
72
50
26
11
2
-263
-263
7
32
42
59
70
66
58
49
43
44
42
27
5
12
38
49
37
13
-263
-265
-258
8
4
-276
-291
-262
27
42
49
53
59
61
57
56
52
39
18
-257
7
39
42
9
-293
-295
-257
40
65
60
37
11
-257
9
27
19
-266
-282
-279
-276
-278
-285
-279
1
27
32
28
54
89
102
88
70
64
60
40
5
-259
22
49
51
29
20
24
34
37
25
13
20
36
45
37
5
-273
-276
-280
-266
27
56
60
69
97
-126
-112
-127
99
76
73
82
81
66
49
50
45
32
26
38
65
87
97
98
89
67
43
20
-263
-289
-308
-281
26
70
91
84
64
51
52
58
53
25
7
20
38
43
35
11
-262
-265
-265
-257
25
56
76
74
65
77
118
-108
125
74
65
106
-109
-106
-115
-104
-90
-91
-90
-84
-101
108
82
82
77
66
40
18
10
28
57
77
80
76
80
90
114
-124
-127
108
109
-128
-123
122
109
91
76
69
51
36
39
56
70
74
56
21
11
25
33
10
-268
-262
19
34
32
28
55
84
80
68
70
72
70
71
84
89
90
91
89
86
80
68
60
55
57
58
42
39
55
74
87
105
122
-120
-115
122
80
54
66
88
92
83
81
88
99
100
104
122
-128
103
76
75
80
81
83
84
77
76
85
98
112
104
70
29
-258
-274
-285
-299
-309
-294
-276
-269
-273
-292
-312
-305
-278
-262
-283
-309
-291
17
56
75
83
74
73
90
90
53
16
2
4
5
9
23
51
72
77
75
87
97
96
96
89
66
42
38
53
85
90
56
24
34
65
70
65
68
80
74
48
28
34
34
21
8
5
9
21
33
28
17
8
11
37
57
41
-258
-273
19
70
87
73
68
77
89
92
99
93
76
57
28
4
8
27
33
28
49
71
64
38
35
55
68
51
6
-273
2
27
36
20
16
27
44
54
58
71
69
41
20
26
51
60
53
35
24
26
37
51
48
24
-263
-267
17
55
98
123
-128
117
106
104
92
69
58
49
28
10
7
10
22
42
49
39
36
36
35
36
37
39
49
54
55
52
52
60
96
106
67
12
-270
-269
18
72
103
97
65
49
76
114
107
73
49
36
22
18
27
48
60
67
68
58
34
24
48
71
72
55
8
-281
-268
9
34
44
50
74
108
121
105
66
9
-292
-311
-298
-270
-277
-299
-301
-291
-299
-318
-313
-291
-258
44
86
115
-102
-70
-58
-60
-45
-30
-35
-43
-58
-76
-101
124
93
67
41
18
2
8
19
7
-267
-290
-327
-371
-373
-344
-339
-356
-349
-316
-295
-273
6
22
38
40
38
35
11
-274
-281
-265
-263
-270
-261
8
6
0
-265
0
17
21
10
-264
-260
17
26
22
12
-262
-279
-285
-289
-289
-289
-285
-290
-312
-339
-353
-356
-355
-338
-292
16
36
24
19
40
81
113
109
84
66
87
-124
-101
-120
109
104
85
41
32
33
24
35
84
-117
-106
117
83
64
37
-262
-294
-289
6
61
83
59
36
59
124
-91
-93
-125
109
120
-86
-54
-70
-94
-124
99
70
61
48
24
25
42
67
91
115
-121
-115
-102
-83
-77
-94
104
39
5
12
35
38
29
11
12
41
69
100
117
99
86
92
106
107
119
-116
-104
-108
-112
-124
123
123
116
100
80
72
76
80
51
25
53
91
96
74
55
36
29
51
68
65
65
56
41
43
54
58
55
43
39
57
105
-116
123
109
-123
-119
107
64
22
28
65
66
33
16
40
73
81
56
41
56
72
48
10
1
-261
-274
-258
32
35
19
12
35
65
76
80
76
67
60
65
88
-119
-107
96
69
97
120
-123
114
66
56
83
97
74
25
-257
22
80
104
69
32
39
58
43
1
-285
-276
7
39
69
90
102
121
-119
-124
99
44
10
12
37
33
8
-262
-261
23
64
86
102
104
92
81
64
36
9
-264
-276
0
23
28
36
51
73
104
-116
-105
115
66
53
61
48
16
1
-262
-284
-295
-273
11
9
-263
-264
4
32
54
45
13
-280
-301
-289
-260
17
26
27
25
39
90
-109
-106
103
60
41
32
23
18
37
71
90
102
115
122
120
116
114
114
102
80
75
99
-117
-100
-128
71
28
2
-276
-289
-295
-299
-293
-289
-300
-302
-301
-292
-259
52
107
-128
109
102
113
121
116
91
59
42
37
51
71
88
98
97
68
41
32
33
42
45
27
8
-263
-275
-264
17
35
53
57
42
36
40
56
83
98
87
54
-259
-314
-305
9
36
26
19
8
7
8
12
34
39
23
10
41
99
-110
-93
-100
-115
109
56
34
64
112
-118
116
54
-269
-300
-301
-316
-334
-327
-289
24
82
103
64
41
59
56
37
22
20
42
83
90
49
-257
-279
-276
-277
-285
-289
-302
-317
-313
-315
-321
-322
-322
-291
25
71
99
107
107
116
115
85
50
35
49
93
115
88
68
83
100
102
97
102
112
90
38
-263
-275
-257
8
-263
-277
-273
2
27
55
74
75
73
72
86
104
100
76
60
57
57
48
33
39
61
91
-119
-93
-115
77
21
-257
6
-262
-314
-359
-341
-263
119
-9
325
312
-23
-61
-68
-118
54
43
-125
-16
305
312
342
167
201
371
-29
-92
-78
-54
-15
327
181
211
369
-43
-106
-28
315
282
-94
87
-104
305
150
376
-13
-121
121
108
26
-341
-165
-178
-138
-356
-328
-277
113
-23
-37
99
-281
-339
-358
-149
-203
-217
-212
-198
-171
-178
-218
-243
-516
-573
-629
-618
-525
-154
-361
-379
-177
-231
-525
-541
-561
-587
-602
-596
-563
-530
-532
-535
-253
-248
-534
-554
-540
-247
-227
-218
-213
-204
-200
-199
-168
-380
-357
-357
-363
-366
-130
-157
-165
-157
-151
-150
-140
-373
-359
-362
-366
-365
-362
-345
-309
-281
-269
-273
-295
-300
-291
-289
-307
-329
-346
-346
-325
-315
-297
8
44
54
48
29
17
-257
-284
-309
-310
-295
1
66
117
114
69
48
64
107
-112
-121
108
108
-120
-103
-115
122
81
1
-327
-344
-269
105
-69
-80
115
88
108
113
81
40
12
-260
-283
-275
36
107
-111
-118
112
82
65
73
89
105
101
72
58
74
108
-78
-10
259
-28
-53
-55
-58
-94
87
37
35
45
40
33
38
76
88
73
66
77
101
123
-124
123
-121
-91
-76
-108
60
-282
-308
2
105
-78
-72
-73
-75
-94
121
67
17
17
87
-90
-76
116
49
57
-119
-58
-77
108
57
68
124
-107
116
67
61
91
114
103
61
12
-274
-290
-270
25
59
83
91
104
-110
-57
-44
-76
-93
-85
-70
-71
-79
-60
-36
-62
103
-259
-293
44
-111
-92
-122
118
123
105
86
106
-120
-112
125
114
125
-95
-89
-122
71
-273
-353
-374
-346
-297
-285
-290
-278
-260
34
98
-117
91
45
64
117
-93
-89
-117
106
85
51
5
-306
-354
-378
-381
-334
0
77
117
122
124
104
55
28
10
-290
-321
-300
21
116
-76
-78
-109
-118
-116
-128
80
37
38
89
122
65
-292
-341
-317
-291
-311
-337
-330
-289
57
-106
-60
-60
-70
-88
-111
125
92
54
16
2
2
-278
-309
-313
-277
40
84
97
43
-311
-376
-315
57
-118
-102
125
86
82
101
90
26
-318
-377
-131
-364
-323
7
99
-122
115
59
-258
-311
-129
-188
-378
69
-44
-32
-85
-109
-87
-100
34
-181
-613
-636
-549
-161
-267
85
92
54
24
10
-296
-369
-129
-138
-380
-284
48
54
27
-260
-349
-174
-185
-215
-611
-804
-658
-835
-605
-155
-311
-267
-292
-185
-604
-233
74
-45
99
4
80
-40
285
283
-19
-115
-263
-365
-132
-377
-370
-343
-141
-589
-806
-893
-844
-788
-470
-610
-220
-187
-513
-546
-564
-630
-485
-794
-475
-636
-597
-620
-397
-404
-586
-196
-373
-132
-165
-158
-370
-358
-135
-179
-210
-246
-515
-205
-153
-148
-371
-276
45
44
53
106
-124
102
69
80
85
86
122
-79
-37
-11
264
289
304
290
-24
-103
-126
-91
-48
-39
-41
-28
273
340
369
333
277
-38
-58
-28
258
306
368
139
150
151
161
149
368
326
304
292
-7
-86
-115
-55
265
307
363
163
186
205
226
246
522
251
186
337
-32
-95
-72
-9
295
291
263
-7
257
314
376
369
306
272
299
348
375
360
321
293
277
-5
-24
-77
102
77
125
-57
258
282
292
305
296
279
281
293
278
-25
-59
-47
-27
-24
-36
-48
-58
-48
-38
-47
-55
-40
-26
-45
-105
116
124
-107
-110
108
68
56
72
107
-109
-119
108
-125
-80
-32
290
323
292
-38
-116
116
-123
-108
-121
119
113
116
114
82
60
101
-102
-72
-73
-102
-111
-93
-74
-83
-128
73
72
-128
-76
-72
-101
119
83
53
51
37
-268
-296
3
75
-125
-92
-58
-16
264
-4
-51
125
39
11
35
68
82
73
70
73
88
101
70
10
-289
-301
-285
-278
-295
-317
-323
-321
-322
-328
-333
-329
-324
-317
-315
-325
-346
-130
-146
-379
-361
-353
-331
-312
-311
-325
-332
-318
-314
-316
-297
-266
0
-268
-270
3
34
51
56
67
74
89
98
88
82
73
67
74
87
102
99
86
100
122
115
85
71
81
97
99
91
98
-122
-77
-46
-20
-9
-41
-77
-87
-74
-54
-40
-31
-44
-79
-100
-84
-51
-26
-38
-59
-74
-76
-58
-23
256
-22
-42
-38
-27
-26
-31
-31
-26
-15
-16
-28
-46
-53
-41
-44
-57
-62
-86
-121
114
116
-128
-119
-109
-104
-100
-101
-93
-91
-85
-87
-104
-115
-111
-112
124
104
98
102
104
90
74
89
115
122
119
114
115
116
101
91
77
55
49
60
65
59
68
64
59
82
107
-123
-120
98
67
73
108
-121
124
100
100
107
82
38
22
34
42
37
26
29
41
41
41
49
45
26
22
48
67
69
68
91
-125
-104
-118
120
117
-128
-125
116
108
122
-109
-105
-116
123
83
55
53
59
48
29
36
54
54
40
48
54
12
-305
-330
-322
-289
1
8
3
10
34
37
10
-270
-278
-266
16
48
53
45
34
16
0
-259
13
39
60
75
70
50
32
51
74
81
76
65
57
72
75
73
69
58
42
53
84
112
114
99
84
67
48
25
11
4
10
25
32
27
57
91
102
83
57
64
88
105
118
-127
123
112
115
-123
-111
118
87
83
112
118
85
38
21
42
85
106
100
74
55
49
37
34
41
58
88
112
113
97
83
76
67
53
44
42
27
0
-282
-270
16
28
20
20
33
44
58
70
74
55
21
-258
-257
4
3
1
7
24
41
44
32
25
39
53
64
51
18
1
-260
4
21
39
52
64
70
67
53
42
32
22
36
56
59
45
33
23
2
-280
-308
-343
-131
-184
-213
-199
-138
-283
59
69
32
3
33
80
87
75
67
49
23
22
55
91
109
71
2
-311
-341
-308
51
-100
-59
-90
-107
-69
-35
-68
102
10
-292
-283
0
7
17
44
70
67
41
20
11
32
49
36
11
-261
-278
-299
-325
-325
-302
-298
-308
-302
-305
-322
-340
-331
-327
-341
-353
-357
-349
-329
-311
-295
-282
-276
-262
3
1
-269
-278
-274
-259
25
57
56
58
89
115
106
57
10
-260
-270
-274
-263
-259
-260
-268
-275
-283
-326
-380
-142
-345
16
106
-101
-57
-13
275
306
305
-6
-78
122
92
76
59
60
85
98
87
65
55
55
66
71
55
18
-258
12
21
10
4
17
44
67
71
61
69
68
44
24
24
64
123
-89
-92
-106
-110
-121
117
76
51
44
49
54
41
11
5
23
38
24
-274
-306
-297
-263
37
70
57
12
-277
-282
-292
-313
-327
-321
-300
-281
8
59
104
-121
-122
117
123
120
93
75
69
67
81
100
119
-125
-115
-103
-91
-99
119
80
61
51
28
6
6
36
67
86
74
54
44
53
48
20
-261
-262
11
43
74
70
48
55
65
60
37
1
-278
-274
4
24
33
28
