-136
-374
-342
-306
-280
-314
-360
-357
-326
-307
-299
-313
-341
-355
-330
-308
-293
-285
-285
-299
-308
-309
-309
-307
-299
-289
-295
-307
-305
-291
-282
-273
-266
-261
-257
-278
-292
-277
-261
-261
-262
-265
4
25
19
6
-258
-268
-275
-266
0
3
24
38
35
39
58
69
68
54
54
35
21
27
27
10
-268
-284
-268
28
71
92
91
76
76
91
100
102
99
86
76
86
115
122
97
69
59
52
53
53
55
57
69
77
73
65
64
59
64
60
48
45
53
67
73
80
84
90
92
83
76
70
53
52
61
53
38
45
74
76
67
70
75
76
81
72
54
55
64
49
41
64
105
-121
-122
113
86
85
101
114
108
89
73
65
56
53
59
67
75
93
97
85
64
49
51
58
72
87
99
103
117
109
83
73
76
69
58
55
50
44
38
49
58
53
33
2
-273
-274
1
37
59
55
58
87
90
72
69
83
101
96
64
27
20
35
48
64
73
66
49
55
65
54
26
22
51
72
66
45
68
71
60
60
55
45
24
-257
1
17
26
37
59
74
64
44
41
40
27
18
29
48
51
50
65
75
57
40
24
17
32
71
84
73
58
55
53
39
21
12
12
26
39
45
38
22
12
13
19
25
40
49
48
48
52
51
50
45
58
73
61
55
54
40
22
19
25
27
26
33
36
26
24
24
34
49
43
32
43
64
59
41
35
43
58
66
58
44
50
80
101
87
51
41
51
50
37
25
36
65
67
49
48
53
55
53
45
49
41
37
54
74
96
103
70
36
48
72
84
68
48
43
66
90
99
97
100
93
77
67
58
70
84
89
100
122
-123
124
92
70
66
61
52
72
108
121
103
86
97
103
103
92
81
73
83
90
83
68
74
98
107
119
-120
-92
-70
-56
-53
-32
264
290
282
267
263
293
352
139
160
169
178
177
169
177
183
168
132
345
324
339
347
339
324
282
-16
-36
-36
-62
-110
108
87
87
68
17
-279
-294
-294
-305
-331
-355
-375
-141
-158
-171
-187
-186
-183
-189
-203
-219
-232
-243
-514
-515
-518
-526
-538
-541
-537
-534
-519
-515
-529
-515
-227
-211
-221
-248
-519
-241
-215
-213
-213
-217
-221
-233
-230
-212
-199
-199
-195
-184
-189
-196
-188
-166
-154
-163
-173
-165
-133
-358
-354
-375
-380
-363
-341
-323
-307
-302
-310
-298
-276
-274
-292
-311
-314
-308
-290
-266
9
28
35
19
13
18
17
11
21
41
44
56
68
51
57
58
39
22
27
49
71
80
60
49
70
104
105
82
64
66
85
100
92
85
86
86
89
96
103
116
119
105
96
81
72
88
93
87
76
69
80
88
114
108
85
82
90
97
91
108
112
103
-126
-116
-115
-118
115
103
109
-126
-109
-123
121
117
115
109
108
115
115
122
-124
-119
-118
-117
-120
-128
119
119
-118
-103
-126
106
105
115
124
-128
114
92
92
96
93
96
83
82
90
90
66
48
56
67
82
96
96
99
98
87
71
68
73
87
92
71
51
59
69
53
60
83
65
39
27
42
57
51
40
42
39
48
71
83
67
41
40
87
-118
-106
-118
-121
-120
-125
-122
-117
-125
125
-127
125
122
124
121
105
76
61
76
102
106
103
102
92
66
49
68
89
74
57
71
96
106
100
88
74
56
59
58
27
3
4
21
36
45
65
66
55
51
41
24
9
27
51
40
27
40
48
49
52
48
28
24
26
33
35
48
60
25
-279
-301
-289
2
37
56
53
43
35
17
-263
-285
-299
-297
-295
-294
-294
-274
7
17
6
-268
-291
-298
-285
-258
20
27
26
38
42
28
32
37
48
58
64
60
56
55
71
93
99
89
70
52
53
55
52
53
66
81
75
58
38
22
29
37
23
25
42
56
83
104
115
114
104
106
115
123
-128
122
114
-126
-128
107
99
82
58
67
90
101
100
102
-128
-108
-109
-121
-125
-123
-104
-92
-95
-104
-101
-103
-108
-122
121
115
114
108
108
98
85
82
84
83
76
75
82
86
97
120
-123
123
104
100
99
92
88
69
50
45
56
69
68
60
65
66
65
44
26
27
27
23
21
32
48
64
74
61
51
58
58
42
23
29
52
53
26
27
38
43
51
53
39
32
44
64
52
29
36
51
43
44
48
19
2
4
20
38
48
53
55
70
76
70
86
92
74
64
68
64
61
73
59
42
52
76
99
97
75
44
28
41
51
69
74
66
53
50
71
89
84
66
61
70
85
85
76
86
99
91
80
69
58
59
86
109
91
56
35
25
22
18
12
24
35
41
55
59
43
40
50
54
48
43
51
54
51
51
60
69
75
70
54
48
39
41
49
58
69
69
56
38
40
45
54
54
38
39
45
53
67
73
53
27
28
42
38
17
4
6
28
45
37
11
-259
-257
19
41
49
37
16
7
6
-258
3
8
9
21
35
44
48
39
35
38
24
19
55
75
66
64
70
74
68
58
53
51
57
66
56
51
55
53
51
60
65
69
69
59
54
52
74
85
55
49
66
60
42
25
8
5
20
32
35
50
53
51
50
45
40
32
48
75
82
68
61
72
89
98
80
67
80
93
106
112
99
92
91
100
103
116
-124
124
104
108
120
105
73
49
42
50
51
49
43
38
38
48
58
54
50
42
36
32
27
34
49
39
23
23
9
-263
-259
-268
-298
-295
-276
-260
-260
-261
7
32
50
54
64
86
101
96
81
76
66
36
13
10
9
19
41
56
44
32
34
36
26
23
23
19
20
22
35
43
36
29
35
44
49
38
25
28
36
34
21
11
7
7
7
19
45
68
75
73
54
39
44
64
73
59
44
49
53
48
38
33
27
25
18
-260
2
33
48
43
49
64
82
100
104
88
87
97
91
99
115
119
106
104
107
103
115
123
121
114
104
84
37
-284
-333
-340
-330
-318
-311
-326
-359
-138
-152
-153
-171
-232
-555
-570
-531
-244
-531
-562
-589
-617
-394
-414
-424
-420
-407
-409
-420
-402
-632
-615
-616
-617
-603
-588
-573
-553
-534
-523
-249
-205
-173
-153
-376
-343
-311
-273
0
-265
5
37
58
70
74
81
82
75
98
-127
-105
-96
-93
-85
-102
-100
-83
-72
-75
-88
-95
-86
-55
-23
-23
-29
-28
-36
-53
-69
-68
-46
-32
-29
-23
-16
-13
259
276
282
279
258
-5
277
291
263
-16
-8
260
-11
-20
-14
-8
-9
-12
-5
-7
-20
-26
-42
-70
-87
-83
-67
-70
-84
-76
-55
-42
-56
-71
-70
-69
-70
-74
-85
-89
-89
-91
-99
-94
-93
-101
-108
-105
-96
-108
-121
-117
-117
-116
-119
-116
-115
-118
-118
-122
120
120
-123
-126
113
103
99
98
120
-124
115
116
-119
-100
-91
-74
-75
-91
-125
105
118
-107
-111
116
107
122
-125
-123
-128
112
100
104
118
124
115
105
102
97
101
90
67
55
48
39
41
66
67
66
73
70
66
73
91
103
88
76
88
77
52
45
34
41
56
54
54
64
67
53
48
49
56
59
49
34
29
55
89
100
91
81
48
36
41
34
17
18
29
37
35
24
20
26
53
88
103
97
81
84
102
109
88
73
77
81
74
76
92
107
120
116
81
45
36
51
70
65
57
57
66
73
81
96
105
84
64
59
64
68
81
86
80
68
59
64
69
60
42
36
26
10
40
107
-107
118
65
50
60
82
80
64
59
52
50
75
90
72
19
-263
11
42
44
39
39
56
69
57
40
26
2
-267
-262
2
2
10
33
40
29
23
12
9
9
11
9
2
4
18
34
43
44
42
36
25
20
10
16
32
48
42
34
43
43
18
-261
-281
-297
-302
-289
8
53
67
42
8
-267
-267
-273
-295
-316
-323
-331
-338
-313
-267
9
2
6
34
44
55
82
97
87
83
80
65
59
69
80
81
70
64
58
57
55
50
53
68
65
53
50
40
40
57
76
81
61
43
42
48
50
52
72
74
57
40
23
17
32
52
40
7
-265
-266
-275
-275
-270
-265
-258
1
-259
-263
12
43
49
45
41
38
33
23
33
40
50
65
74
87
74
54
44
61
81
80
81
83
75
84
75
60
52
42
49
60
64
49
45
57
56
51
48
54
73
85
84
74
66
52
44
43
34
38
67
87
85
80
73
68
66
64
66
71
60
43
32
33
44
49
55
64
65
70
77
72
67
64
60
48
35
49
60
50
40
45
57
66
73
66
58
65
69
71
73
82
91
100
101
104
100
93
91
90
91
96
96
87
93
96
97
116
116
89
74
83
83
51
6
-282
-284
-257
35
45
22
-284
-332
-356
-373
-134
-161
-185
-190
-168
-152
-131
-365
-358
-350
-338
-329
-321
-307
-291
-261
24
29
25
25
27
37
53
65
56
51
66
99
123
-112
-126
107
102
113
124
103
89
93
96
101
106
100
98
107
108
107
115
116
100
87
97
107
108
105
89
70
65
74
89
102
101
81
69
61
66
75
55
32
9
2
18
35
37
48
67
71
49
36
44
56
57
67
73
64
52
71
104
109
103
101
107
106
93
75
71
77
77
81
90
99
93
82
75
80
86
76
68
84
89
74
66
49
56
68
57
43
37
50
61
72
82
80
83
87
71
49
23
-263
-285
-276
-263
2
-257
-280
-329
-377
-130
-377
-142
-205
-254
-516
-238
-225
-216
-227
-228
-210
-188
-179
-154
-374
-343
-326
-318
-317
-310
-294
-276
-257
1
-268
-275
9
53
69
58
55
58
60
55
52
56
56
65
84
104
122
116
96
89
99
105
98
80
69
97
112
106
107
121
-110
-109
119
106
114
-128
-120
-123
106
90
96
113
122
113
84
71
74
65
51
56
65
60
60
50
50
81
118
120
106
-125
-101
-109
-123
-122
-124
-118
-108
-112
123
113
119
-128
120
103
92
86
93
107
106
92
60
40
67
97
102
90
81
82
87
96
107
108
97
91
106
116
103
97
91
88
91
85
73
77
99
115
119
116
98
93
112
119
107
98
100
112
-127
-128
103
89
93
101
104
112
107
89
75
74
82
85
82
64
42
36
52
85
116
-119
-110
124
103
98
91
73
60
54
50
55
72
75
64
57
58
61
74
87
86
80
72
68
68
80
93
96
85
90
102
118
-110
-99
-121
121
121
113
113
105
88
73
55
25
7
23
66
98
70
11
-279
-285
-283
-305
-343
-374
-137
-137
-376
-349
-326
-310
-306
-329
-355
-358
-337
-329
-332
-305
-268
-261
-259
11
32
43
48
42
51
61
70
66
53
43
54
76
101
113
96
75
91
113
119
101
77
81
90
99
106
113
106
112
118
122
125
121
106
98
113
-125
-117
-117
-110
-127
120
-128
-128
-118
-110
-126
124
-124
-123
125
115
107
107
117
122
107
96
86
75
71
75
68
49
49
71
97
104
103
104
104
106
122
124
105
101
106
100
91
93
108
109
107
93
85
86
88
86
85
75
68
71
74
64
40
27
44
73
88
83
57
50
68
71
58
44
38
36
42
60
72
87
92
80
60
52
44
35
32
26
37
48
48
56
71
81
72
44
21
23
22
2
-290
-314
-318
-315
-307
-293
-284
-317
-133
-199
-229
-515
-561
-605
-634
-631
-616
-599
-587
-580
-564
-548
-536
-532
-253
-218
-184
-156
-135
-366
-341
-323
-321
-327
-325
-294
0
32
43
51
54
57
87
122
123
105
101
98
88
91
106
112
104
102
107
109
117
116
105
115
-126
-123
125
105
91
122
-102
-115
118
-127
-100
-86
-105
121
112
114
-128
-112
-104
-109
-128
116
-128
-109
-108
-116
-109
-99
-94
-96
-85
-78
-86
-90
-94
-101
-100
-104
-126
116
114
113
119
118
104
99
101
109
122
119
105
89
82
77
82
90
98
101
113
123
-127
120
87
55
23
3
16
43
50
28
-257
-266
-269
-276
-294
-323
-344
-359
-353
-313
-263
26
48
37
7
-267
-263
10
20
12
-263
-267
1
5
2
7
33
44
39
38
54
70
82
84
85
101
114
108
89
72
58
60
72
75
83
83
75
73
58
43
52
66
66
50
43
59
92
114
109
103
105
113
105
88
71
77
105
124
125
113
99
96
114
-121
-124
116
101
98
106
104
82
58
59
81
99
101
84
54
48
54
60
67
68
73
82
98
104
90
71
87
119
116
85
54
53
60
64
56
59
64
60
68
71
67
75
99
107
97
80
82
102
107
98
97
112
114
101
93
98
106
118
112
86
72
82
86
86
84
76
65
48
39
44
56
57
28
9
20
25
22
22
17
11
18
19
20
11
5
20
33
27
37
49
50
45
50
48
51
58
54
50
58
73
86
82
65
45
27
23
32
50
54
35
20
25
50
56
50
50
53
49
40
35
32
34
41
48
51
38
21
22
41
68
89
92
74
60
71
77
76
74
81
87
85
74
70
64
53
28
8
7
12
24
26
27
38
41
40
44
32
20
35
49
51
41
37
48
50
55
64
66
56
57
75
88
65
17
0
-259
-274
-281
-275
-261
-267
-289
-311
-327
-355
-136
-177
-209
-218
-212
-197
-196
-193
-171
-141
-150
-173
-178
-152
-376
-357
-339
-318
-315
-309
-283
-262
-265
-268
-259
13
37
41
25
35
57
60
43
36
53
69
74
75
75
75
74
61
57
72
85
86
75
77
87
100
106
102
89
82
84
101
109
103
93
101
104
99
97
103
112
107
103
116
-121
-104
-112
-126
124
107
93
105
124
117
88
89
104
98
89
99
108
120
118
105
97
93
87
80
76
77
73
67
77
93
100
102
96
88
90
73
60
70
75
88
101
105
103
102
108
118
100
77
86
106
118
-123
-108
-95
-96
-122
114
114
-127
-106
-106
-118
-122
114
96
85
74
87
99
72
49
52
52
48
43
43
56
75
81
72
81
99
104
97
82
73
65
60
68
74
60
49
39
38
32
28
33
21
-258
-277
-264
11
9
2
1
10
28
43
58
66
57
50
53
59
54
45
25
-265
-283
-278
4
28
6
-305
-330
-326
-328
-346
-376
-158
-181
-189
-199
-194
-170
-140
-132
-147
-166
-168
-147
-380
-373
-371
-359
-355
-350
-329
-302
-290
-263
25
56
65
65
57
42
29
36
56
74
97
116
116
103
90
81
87
102
92
89
102
120
-125
122
116
120
-122
-124
121
119
123
-127
-124
125
109
98
114
-100
-73
-104
124
-121
-111
-122
106
92
97
82
64
61
81
89
86
87
96
96
104
125
-125
103
76
84
101
105
101
77
56
57
57
52
65
85
102
108
104
84
73
86
86
64
59
69
73
70
82
106
107
90
86
99
106
105
97
102
117
105
93
88
92
99
105
101
91
90
89
75
82
120
-122
120
118
-127
122
121
119
101
83
83
82
74
74
80
80
70
76
87
73
51
43
50
72
90
90
76
76
97
102
82
67
60
59
51
60
69
58
64
68
56
53
44
43
56
61
59
55
44
42
51
53
50
49
52
55
49
33
26
37
42
29
27
35
55
68
48
32
35
41
51
44
33
23
12
9
20
19
19
21
34
49
45
41
37
34
41
58
84
98
80
54
39
38
42
52
67
72
68
65
60
65
72
81
91
91
69
42
32
35
42
38
32
28
27
27
16
5
18
41
48
38
35
50
64
52
28
35
53
64
54
38
41
44
26
16
-258
-265
26
54
41
37
59
71
56
37
10
-270
-274
-267
-265
-265
-257
25
39
29
23
32
44
54
52
40
29
25
23
34
43
42
27
18
27
58
83
68
39
36
42
51
44
37
40
52
60
59
58
61
65
52
41
39
39
50
58
54
55
64
64
67
75
76
68
60
59
65
60
49
38
35
38
35
37
25
6
18
40
55
67
77
88
101
105
107
104
102
113
113
93
65
36
38
51
56
51
19
-265
0
32
68
83
74
68
70
68
43
1
-294
-308
-306
-305
-296
-280
-257
8
2
-262
-264
-257
2
-273
-293
-299
-297
-297
-293
-277
4
28
43
50
55
74
96
121
-127
107
83
80
89
84
77
77
77
68
54
44
42
38
38
40
44
48
43
38
29
38
59
70
55
35
26
25
21
17
26
50
50
37
48
81
91
83
77
68
57
61
85
91
66
34
32
58
89
85
59
48
55
69
74
66
60
57
43
39
49
50
53
53
36
26
25
20
34
53
58
45
40
43
38
37
60
57
45
56
71
83
86
69
29
10
12
20
26
44
64
68
54
50
42
37
43
39
23
19
22
26
28
25
18
21
36
53
53
33
11
27
48
53
39
35
55
67
57
53
66
67
52
52
69
68
55
50
48
70
86
72
54
55
75
86
93
102
112
113
112
112
99
76
54
64
89
103
103
102
113
108
98
91
91
86
85
101
105
103
120
114
96
89
90
87
71
64
71
84
82
82
83
91
86
83
92
83
72
84
102
101
92
92
83
66
54
56
68
77
81
76
85
93
100
115
117
86
57
60
80
87
82
73
68
70
76
66
45
40
51
66
74
72
81
82
60
49
45
58
61
54
54
40
21
20
32
51
59
59
49
35
48
51
32
25
25
34
45
57
77
102
72
37
37
42
43
45
58
52
37
48
70
81
49
-264
-299
-311
-295
4
19
-277
-339
-381
-136
-140
-168
-230
-545
-570
-561
-545
-538
-531
-514
-245
-231
-221
-202
-193
-195
-180
-147
-363
-357
-129
-136
-359
-305
-267
-264
-269
-266
4
18
27
48
85
101
83
76
74
69
58
52
57
72
81
82
81
92
114
-127
-125
-117
-122
119
-127
-119
-123
-124
-109
-90
-77
-85
-89
-80
-86
-95
-92
-76
-74
-101
-110
-109
-109
-107
-103
-99
-104
-117
-121
-116
-100
-80
-83
-79
-80
-86
-79
-74
-96
-115
-111
-108
-109
-105
-103
-116
122
117
-128
-128
113
98
86
87
97
104
96
83
84
105
-126
-123
103
81
97
102
74
43
13
-259
-263
-264
1
17
26
39
41
48
73
103
124
-125
124
117
-128
-107
-96
-93
-99
-111
-118
-112
-101
-108
124
103
89
96
104
113
108
96
73
35
16
29
49
56
44
28
22
22
21
-260
-307
-338
-331
-308
-295
-290
-293
-296
-300
-315
-345
-365
-369
-365
-360
-360
-360
-358
-355
-356
-337
-316
-313
-299
-277
-279
-296
-284
-267
0
3
1
5
12
6
-269
-269
8
32
34
28
27
39
66
67
58
66
75
72
70
68
70
81
107
-120
-120
120
123
-123
-118
-116
-123
123
112
97
86
90
96
98
103
99
101
101
97
87
89
99
92
87
83
86
105
-117
-110
-127
-127
-116
-120
121
118
124
-108
-102
-119
123
117
114
113
121
116
85
72
97
-127
119
97
89
100
117
-123
-123
120
115
105
102
100
85
70
72
84
92
103
114
115
101
84
81
81
72
68
81
91
104
112
108
103
114
-126
-128
115
115
121
-127
-123
123
109
86
56
50
72
87
87
84
59
21
-265
-277
-268
-263
10
25
26
23
35
32
22
7
-275
-295
-309
-329
-333
-310
-292
-289
-286
-290
-306
-322
-338
-328
-301
-284
-282
-273
18
25
11
18
27
27
28
35
34
20
24
48
54
45
43
44
41
53
61
59
55
48
42
48
51
51
56
65
54
48
37
21
20
25
29
35
23
4
5
12
22
37
58
70
74
70
72
66
58
66
73
70
60
59
65
57
44
35
43
41
24
22
41
44
38
36
37
42
45
35
12
11
21
27
28
23
23
9
3
24
41
42
40
23
17
35
59
81
75
56
56
75
73
49
35
40
38
23
16
11
18
29
43
54
59
66
69
67
68
70
75
73
74
68
53
53
55
53
56
40
7
-260
24
50
66
80
98
-124
-89
-69
-73
-104
-128
100
74
70
82
80
81
85
92
91
76
58
60
68
59
61
59
50
39
36
27
33
42
39
43
57
53
44
49
57
58
64
81
101
84
49
27
48
66
57
42
41
44
53
68
74
83
89
84
85
80
55
44
60
81
82
75
66
61
70
66
64
58
56
54
60
67
65
66
70
80
81
57
28
25
37
56
74
75
59
50
59
83
84
65
58
59
40
6
-257
13
19
4
7
27
39
42
45
48
57
80
98
120
119
96
85
104
-124
-125
105
66
24
-266
-284
-268
17
34
27
17
1
-295
-350
-152
-169
-177
-201
-228
-232
-203
-155
-381
-133
-153
-163
-153
-131
-356
-343
-344
-318
-291
-274
-259
-258
10
27
27
26
33
38
34
32
41
56
66
71
72
64
58
71
87
84
59
51
57
73
83
80
74
87
100
117
-124
123
108
90
69
73
107
-121
124
101
98
114
-128
120
109
112
124
-125
117
102
109
117
115
99
99
113
113
96
98
108
109
102
97
93
99
109
100
86
85
90
97
90
85
82
87
92
87
75
84
93
88
90
100
108
121
123
113
107
102
89
99
121
-123
124
113
107
117
103
73
82
108
113
88
64
66
65
55
53
51
58
83
92
97
104
106
106
118
121
104
85
68
68
87
96
75
49
51
57
34
7
8
27
38
37
35
44
50
51
42
37
34
24
21
24
36
42
37
37
43
49
43
41
37
34
34
43
72
66
37
33
50
53
44
52
69
86
82
41
32
53
64
55
48
43
39
40
41
40
27
24
40
61
57
33
17
13
20
33
49
44
34
45
59
50
35
33
50
68
67
38
8
-258
16
48
60
66
57
40
36
42
61
75
73
68
68
65
45
35
39
40
43
36
13
16
42
75
71
65
61
65
55
50
57
57
43
34
22
4
-276
-289
-276
6
41
48
21
-257
-268
-283
-301
-331
-355
-374
-382
-365
-354
-363
-381
-375
-365
-371
-375
-372
-357
-331
-292
-266
-262
-264
-266
-259
10
10
12
23
40
44
41
50
66
91
106
101
92
98
100
105
115
112
93
82
92
98
98
107
125
119
102
90
89
87
90
103
119
-127
-123
-120
-109
-107
-107
-100
-100
-124
108
107
109
118
-127
-124
-125
-128
-111
-105
118
91
99
109
114
105
92
98
121
-127
109
102
120
-107
-112
123
120
-122
-109
-111
124
106
89
91
108
119
108
88
83
84
83
72
65
75
90
89
80
69
58
65
68
67
75
84
77
72
72
76
82
71
43
20
6
-259
-262
-280
-297
-293
-274
-263
-267
-305
-356
-132
-138
-141
-177
-219
-228
-190
-164
-157
-161
-150
-380
-372
-380
-130
-372
-342
-307
-268
12
26
37
48
70
91
91
89
104
109
105
105
121
119
105
91
81
66
52
54
73
91
105
104
82
53
43
54
71
75
75
84
92
103
84
64
66
88
100
92
90
92
96
99
104
106
104
106
109
107
107
116
117
118
124
-124
-117
-118
119
104
108
116
93
72
69
73
75
83
91
87
80
74
59
36
20
42
83
104
89
68
55
70
84
80
59
40
40
41
44
56
66
81
96
84
81
90
83
55
33
32
55
87
83
49
32
41
48
24
-280
-322
-312
-261
45
72
71
58
42
25
10
-265
-281
-294
-299
-291
-274
1
21
26
19
5
-257
3
19
28
34
35
26
17
24
55
98
96
81
83
98
106
92
66
58
80
96
93
71
41
28
32
34
49
52
45
57
82
93
89
84
80
70
64
59
60
66
74
82
74
76
74
65
61
64
69
72
69
61
60
54
57
59
54
54
59
52
37
48
87
109
104
81
59
55
53
57
65
70
74
72
71
80
92
103
89
74
77
85
81
87
85
66
43
37
43
44
48
50
57
60
50
38
28
24
26
38
50
59
65
64
56
52
37
36
49
66
64
50
41
42
34
12
-265
-289
-290
2
45
58
49
42
61
71
59
44
35
35
32
25
35
43
55
64
48
24
1
-261
9
28
40
43
40
38
52
70
60
56
64
60
58
66
56
50
57
60
57
64
64
54
44
43
55
71
70
67
58
42
37
43
40
27
34
40
57
71
51
26
27
34
27
34
56
60
28
6
18
25
23
16
22
35
43
58
53
8
-284
-295
-267
27
37
17
5
23
25
-263
-314
-360
-366
-358
-369
-381
-361
-318
-298
-314
-347
-355
-338
-314
-306
-300
-301
-297
-278
-262
3
9
11
9
13
23
29
43
70
82
73
53
50
44
45
59
54
43
61
91
106
102
103
96
88
87
89
89
88
81
71
69
77
91
92
91
96
88
74
57
70
92
98
90
93
107
-125
-116
116
89
80
83
89
87
68
55
56
76
89
77
64
56
58
49
24
12
25
40
43
44
50
51
69
92
117
124
117
108
114
117
108
96
91
92
84
86
96
89
87
85
81
75
82
73
49
28
17
0
-278
-293
-284
7
41
33
9
2
12
24
17
-263
-276
-268
-265
1
9
11
23
39
25
6
16
43
59
65
60
56
70
81
85
81
65
56
48
50
67
70
70
71
58
57
69
74
83
88
84
81
80
80
88
97
88
77
64
64
73
73
68
70
80
80
75
70
76
92
103
112
114
101
88
85
88
86
86
103
116
112
105
100
103
114
113
108
116
114
99
83
86
97
84
76
85
101
120
-128
115
103
103
102
101
96
97
102
117
-128
107
100
107
116
120
105
87
76
84
109
-118
-118
119
107
115
121
122
119
112
107
112
116
116
114
122
-125
-106
-80
-76
-92
-123
106
92
82
67
-311
-291
-279
-276
-275
-266
-267
-280
-297
-294
-265
8
18
33
35
23
10
12
32
33
13
3
20
39
34
28
38
33
23
24
41
59
64
49
37
24
32
38
33
38
56
59
53
54
57
45
37
52
65
68
59
45
36
32
43
60
42
24
39
61
66
55
51
54
68
76
81
77
67
48
27
18
25
34
40
36
36
60
76
71
67
60
58
55
52
50
55
65
65
53
50
52
49
32
19
23
19
23
44
60
55
37
48
59
28
-259
-273
-278
-289
-302
-308
-294
-281
-279
-275
-280
-281
-262
4
3
3
3
8
18
24
21
26
44
61
69
48
34
51
75
74
56
37
44
58
60
65
66
54
35
19
22
38
58
81
89
89
82
69
64
60
56
55
52
60
87
103
96
55
28
38
43
44
51
54
56
53
43
41
29
37
70
85
81
65
53
50
52
50
38
40
42
43
42
43
49
49
56
77
89
73
54
51
53
56
64
71
71
60
54
39
12
-264
-258
17
23
13
8
32
39
28
16
22
54
77
74
69
80
96
108
-126
-119
-124
-127
-123
-117
-115
-123
121
113
98
74
56
56
68
70
67
70
80
92
115
106
80
66
72
87
97
97
98
98
82
82
90
89
106
118
104
88
90
90
81
65
60
73
82
85
76
73
84
101
100
73
54
59
77
80
69
68
80
72
71
82
73
58
56
60
61
57
59
57
56
66
81
91
86
82
77
77
81
80
80
73
71
84
96
91
80
56
54
69
99
103
84
65
57
52
52
57
76
83
70
67
82
97
83
64
55
53
57
64
57
52
36
25
23
20
5
-275
-275
0
9
11
13
16
-257
-273
-260
5
-274
-307
-326
-313
-273
-257
-276
-293
-294
-289
-277
2
10
4
2
0
2
12
28
36
27
18
11
18
33
49
57
65
74
75
69
72
86
93
83
70
72
81
80
70
71
69
57
54
59
69
90
105
89
65
53
54
64
70
60
50
49
56
69
84
88
82
53
23
22
41
57
66
59
44
33
37
57
71
67
61
52
25
10
36
69
84
71
60
64
74
76
60
49
43
54
53
24
-269
-298
-308
-282
-266
-276
-302
-324
-329
-337
-366
-178
-232
-520
-548
-548
-514
-226
-225
-246
-522
-521
-523
-523
-253
-229
-200
-188
-170
-131
-355
-348
-339
-316
-310
-312
-308
-277
17
39
57
54
53
68
96
113
105
90
90
115
-125
122
101
104
117
113
100
98
108
120
117
113
104
91
87
88
90
103
114
116
-127
-107
-92
-93
-100
-95
-104
-105
-101
-91
-92
-107
-122
-126
-120
-107
-102
-107
124
109
100
83
70
66
67
89
117
122
119
114
93
52
43
60
66
42
19
22
35
59
83
89
80
55
50
68
74
61
41
38
54
72
72
55
58
82
92
85
76
65
58
72
92
112
119
124
123
105
85
92
113
108
104
100
97
100
122
-120
-122
-111
-116
124
116
107
112
113
122
-124
-115
-107
-108
-119
-126
-126
-125
118
112
-124
-124
116
122
-110
-112
-128
125
-116
-110
-120
-117
-90
-85
-110
-128
-124
-116
124
115
-120
-94
-93
-116
115
102
108
101
73
74
103
103
75
50
44
65
74
70
57
50
51
64
80
97
104
-127
-101
-109
-126
-124
-108
-86
-64
-89
-123
-119
-94
-100
122
102
101
107
116
104
86
83
89
92
92
82
77
69
58
59
52
37
35
39
38
38
52
49
50
54
50
36
26
24
39
54
56
50
43
40
34
26
20
8
6
23
45
60
59
42
29
24
20
21
19
11
13
24
33
38
54
52
36
29
39
59
66
48
36
38
48
54
57
38
18
19
22
7
-259
-258
-259
-266
-267
-266
-276
-291
-301
-294
-257
29
28
-257
-283
-299
-293
-282
-290
-322
-339
-325
-300
-278
-281
-284
-302
-326
-337
-325
-302
-285
-267
9
16
26
40
40
39
41
54
70
76
74
84
104
112
97
82
82
81
74
71
68
65
86
106
108
108
106
90
73
76
83
76
68
69
74
75
74
70
68
60
51
41
40
42
37
33
34
49
49
38
25
36
54
55
51
50
49
44
36
35
39
24
18
40
69
66
34
11
9
20
26
35
36
21
2
-267
-278
-300
-322
-305
-259
33
36
28
9
-260
3
9
-277
-308
-306
-295
-279
0
5
3
5
8
10
5
-260
-262
3
4
8
21
28
36
48
58
59
60
56
53
54
60
74
80
73
72
82
81
80
89
102
101
92
89
76
61
51
39
36
35
28
23
26
50
82
89
76
72
81
76
68
64
71
75
83
85
90
97
91
81
69
72
98
116
99
85
92
113
120
-125
-117
-123
125
-127
-126
-124
-118
-120
-128
119
122
117
104
103
89
85
91
87
81
91
102
106
117
-128
114
87
86
103
122
-116
-124
104
85
90
106
108
100
99
117
-125
118
91
73
83
101
104
102
97
100
108
109
100
83
83
92
91
85
82
88
88
85
81
96
97
87
86
85
83
85
101
113
104
88
91
105
100
74
59
59
65
67
64
54
41
27
22
32
50
45
32
35
51
55
37
18
13
10
18
23
18
11
16
19
19
16
8
11
17
19
18
12
22
21
-277
-323
-344
-323
-263
26
24
-258
-276
-273
-284
-321
-348
-355
-346
-343
-333
-311
-290
-275
-262
-265
-294
-317
-316
-285
12
32
23
0
-273
-267
-269
-276
-276
-273
-262
8
29
49
69
98
119
124
115
100
99
92
81
69
67
74
85
91
101
99
87
75
52
24
16
24
39
58
73
82
76
68
54
50
56
60
58
68
76
83
89
89
85
73
55
55
64
59
50
33
16
6
10
23
51
60
44
39
42
48
50
41
43
55
64
57
57
80
89
74
50
42
43
43
45
43
37
34
48
58
54
41
42
48
41
37
40
53
68
74
70
61
49
37
17
-258
-257
22
54
74
74
87
114
-123
-122
118
102
98
90
71
54
52
67
89
101
92
74
65
69
74
82
86
84
71
65
64
51
43
53
64
50
37
48
58
52
41
39
24
13
16
32
43
49
50
55
73
86
75
57
38
38
41
39
27
24
40
53
54
53
53
54
59
67
80
82
70
56
55
58
66
74
69
61
69
74
73
68
57
52
64
72
71
59
66
75
73
70
69
69
75
69
61
55
55
58
55
54
73
87
77
70
59
48
49
60
65
50
51
67
74
72
71
72
56
44
44
53
55
61
71
73
68
57
28
-274
-294
-297
-284
2
50
86
103
115
120
-119
-102
-112
114
103
113
112
101
99
102
101
97
87
73
58
59
70
56
45
42
50
70
67
42
29
35
44
49
51
53
56
69
80
75
73
69
60
57
43
28
22
23
26
40
40
18
0
-258
20
34
22
7
17
40
49
38
21
8
0
-268
-265
0
-261
-279
-291
-282
0
7
2
1
10
16
11
8
16
28
26
16
1
-262
-265
-282
-324
-342
-305
-267
-276
-297
-312
-316
-315
-322
-354
-149
-189
-213
-221
-219
-217
-209
-195
-187
-181
-173
-185
-195
-183
-165
-151
-139
-371
-343
-328
-326
-321
-299
-275
8
22
24
19
21
36
56
69
67
68
83
97
87
72
70
68
56
44
44
49
56
71
71
71
85
76
49
53
83
102
109
112
116
117
112
107
112
121
124
-128
122
117
121
121
112
100
100
115
-123
-110
-100
-109
123
-128
-126
118
107
100
102
112
122
123
108
118
124
107
97
97
100
103
101
106
99
88
85
89
84
73
72
81
68
51
52
48
41
36
17
-258
11
44
80
93
89
96
120
-112
-107
-116
-117
-116
-116
-123
-125
114
89
83
90
97
90
72
55
56
57
32
-262
-276
-270
7
42
61
68
89
114
103
70
36
9
0
-263
-266
-258
13
34
51
59
67
50
26
17
27
42
40
28
21
18
20
11
17
32
39
41
33
23
32
42
48
58
61
69
89
102
109
115
114
99
85
87
102
103
83
71
80
85
89
90
96
96
74
57
54
59
67
68
68
68
70
72
69
72
75
69
59
57
67
81
81
64
42
48
58
57
65
81
84
75
83
88
82
84
90
91
91
91
88
82
74
70
64
58
52
57
68
68
66
61
59
66
77
99
113
114
101
98
92
82
80
84
91
103
114
98
57
52
80
114
-126
109
92
98
112
113
92
81
83
80
82
74
69
83
93
99
101
108
114
103
92
90
88
81
69
68
74
74
81
97
121
-125
105
96
105
109
96
77
86
104
108
106
99
99
106
107
103
93
83
75
70
74
92
103
91
65
36
29
45
66
60
41
43
51
54
60
69
69
68
50
20
20
43
58
57
57
65
61
51
41
44
48
50
52
50
50
44
29
19
8
2
8
32
51
44
24
24
36
21
-275
-316
-324
-296
-270
-281
-306
-313
-313
-308
-314
-344
-379
-153
-162
-147
-131
-374
-348
-331
-339
-353
-359
-348
-323
-298
-282
-270
-276
-281
-277
-280
-276
1
0
-266
-259
20
38
43
39
44
54
51
34
20
26
48
57
39
8
1
5
12
28
52
75
82
69
69
74
64
59
67
66
54
44
49
74
89
71
50
49
50
65
86
90
80
69
68
75
82
84
90
87
74
71
89
104
117
122
106
85
89
104
96
74
71
84
81
71
71
75
75
73
71
64
50
59
73
87
103
100
86
82
87
65
6
-294
-290
7
45
61
65
51
48
66
68
39
-258
-302
-332
-323
-293
-273
-262
-263
-270
-280
-285
-279
-279
-276
-260
4
17
22
19
7
2
6
8
6
17
22
8
-279
-298
-296
-278
16
43
44
41
52
88
115
113
98
80
83
98
106
89
68
74
96
92
85
99
122
-120
119
86
65
56
59
68
81
91
105
108
89
71
76
80
76
89
89
82
89
98
97
102
101
90
91
91
86
93
112
113
105
107
101
85
81
80
66
57
65
64
53
60
76
87
86
76
70
69
68
60
65
60
58
67
71
70
81
84
61
37
32
37
42
43
35
22
28
58
89
88
85
99
116
-128
120
112
97
87
102
109
101
80
70
85
96
82
61
55
58
57
60
74
72
65
66
67
72
86
88
72
52
39
41
40
32
16
16
34
50
66
72
59
51
48
38
40
52
61
66
67
64
65
67
64
60
73
101
118
-126
-121
-121
116
82
69
72
75
86
83
76
85
73
41
21
21
32
36
41
52
50
50
50
25
-268
-292
-280
11
42
19
-281
-299
-285
-281
-314
-359
-134
-132
-364
-339
-316
-305
-300
-307
-300
-284
-269
-259
12
28
29
28
35
27
29
21
9
19
40
44
55
81
93
89
80
83
100
104
92
89
108
123
121
121
120
112
118
123
107
106
109
101
99
113
116
102
84
97
124
108
69
64
88
105
98
87
89
105
121
120
121
125
106
89
100
115
106
86
67
61
66
60
68
81
90
82
71
81
101
114
101
84
73
71
67
69
84
98
71
33
34
57
76
88
100
100
92
83
76
77
88
88
83
84
91
98
92
90
92
104
101
91
96
104
97
72
54
55
69
70
72
65
51
49
61
58
39
36
43
39
45
60
59
49
38
19
-258
-257
23
50
70
87
117
-108
-103
-109
-110
-109
-125
117
99
81
73
57
45
56
81
91
83
53
40
50
48
33
20
24
23
6
-264
-267
-261
5
10
9
-257
-265
-267
-276
-276
-266
2
11
17
6
-257
19
25
10
9
6
2
1
-269
-276
-260
2
-258
-257
12
12
18
41
57
54
41
34
41
55
44
32
34
44
55
59
57
48
40
27
0
-278
-291
-301
-307
-311
-307
-281
-263
-260
-262
-257
17
44
73
77
68
57
72
96
102
89
76
67
66
81
92
89
69
49
49
57
57
48
45
66
84
83
69
55
50
34
1
-292
-294
-263
25
29
-259
-308
-358
-380
-135
-154
-195
-235
-236
-198
-168
-172
-184
-178
-162
-157
-155
-150
-379
-344
-311
-282
-268
-265
-258
-261
-265
7
36
60
59
45
34
43
70
69
48
50
66
73
73
75
89
100
89
72
59
61
73
87
89
89
96
93
91
98
91
71
77
92
88
80
83
97
96
87
83
80
82
85
85
87
96
101
105
101
93
86
68
55
67
81
86
85
82
87
102
105
104
104
108
-128
-117
124
98
91
105
118
119
101
89
101
120
123
113
108
120
119
120
-120
-111
-127
115
122
-121
116
99
98
102
100
99
100
96
80
53
37
28
21
33
61
73
73
76
72
66
49
21
-265
-302
-333
-344
-314
-285
-273
-267
-263
-262
-264
-260
5
8
12
37
53
45
27
18
23
33
88
86
77
80
91
100
85
66
66
87
104
98
83
80
88
90
69
37
5
-268
19
70
106
-124
-110
-87
-46
262
294
284
272
262
262
279
308
329
331
329
307
272
256
257
-4
264
-11
-46
-58
-63
-85
-102
-115
121
102
87
88
89
89
86
69
44
42
68
90
96
86
71
68
84
92
80
67
74
73
60
53
45
43
50
54
50
40
35
18
1
-263
-264
8
26
8
-279
-290
-281
-262
18
18
-268
-302
-311
-308
-306
-298
-285
-265
5
13
18
12
10
10
21
22
4
-264
-265
-258
-257
-263
-268
-269
-274
-274
-265
-258
-258
-268
-280
-281
-280
-283
-292
-290
-274
-267
-273
-276
-274
-268
-270
-274
-282
-309
-325
-317
-294
-264
-259
-262
-259
13
21
3
-261
-266
-281
-297
-298
-281
11
48
44
17
-260
-264
-260
0
11
19
2
-270
-266
-257
3
12
29
38
38
38
50
69
59
45
42
43
43
36
32
41
48
44
33
24
35
49
50
38
25
33
42
38
39
68
68
48
44
64
91
112
115
103
86
83
89
81
60
52
48
45
49
45
42
41
49
54
55
53
55
66
69
70
88
102
88
69
59
56
56
65
80
81
72
48
24
21
22
13
4
-267
-286
-294
-292
-305
-329
-341
-314
-274
7
-263
-313
-353
-372
-141
-179
-227
-516
-514
-247
-253
-522
-248
-225
-211
-211
-214
-205
-169
-371
-331
-306
-292
-291
-284
-274
-261
13
48
73
71
65
71
89
106
108
98
99
115
123
120
119
-125
-107
-89
-88
-104
-120
119
124
-118
-111
-115
-118
-123
-116
-104
-103
-105
-108
-106
-84
-69
-88
-120
112
107
-123
-79
-47
-47
-68
-77
-74
-77
-89
-102
-119
-120
-106
-86
-84
-90
-100
-95
-71
-64
-101
123
-121
-103
-94
-101
-119
118
-127
-109
-108
-118
-125
122
113
106
105
100
97
104
113
104
106
115
118
115
106
101
99
106
107
107
105
98
98
102
106
119
-112
-106
-120
-128
-120
-119
123
105
97
99
113
-127
124
118
117
124
-123
-110
-103
-101
-104
-118
123
117
117
118
107
102
106
112
109
107
101
92
86
80
69
67
73
83
83
77
77
80
75
59
52
56
54
44
43
66
77
68
49
49
73
83
67
36
16
-258
-274
-299
-308
-285
-274
-284
-323
-358
-136
-171
-210
-249
-536
-554
-552
-541
-525
-250
-515
-524
-521
-520
-529
-536
-515
-235
-225
-212
-194
-163
-140
-377
-357
-326
-316
-314
-311
-294
-277
-266
-259
10
33
58
69
69
65
59
66
68
61
57
73
99
109
113
124
-118
-127
115
100
92
117
-126
125
122
115
104
106
115
-128
-116
-109
-108
-110
-107
-100
-96
-92
-90
-96
-103
-102
-95
-95
-103
-102
-101
-110
-120
-119
-103
-88
-87
-109
121
113
100
70
64
107
-104
-111
124
-119
-93
-73
-74
-102
124
119
115
118
-103
-73
-69
-88
-116
-125
123
115
109
100
86
87
89
88
71
45
43
54
53
53
59
66
81
83
71
72
88
98
100
93
85
86
92
96
82
74
75
74
69
67
57
49
51
39
25
40
64
69
61
51
45
48
50
50
50
57
74
81
64
45
42
50
49
34
20
17
18
27
50
77
80
55
58
75
85
81
74
73
82
89
86
76
73
74
80
88
87
65
45
51
60
66
54
38
40
54
57
50
33
9
-269
-282
-259
37
61
59
43
41
58
56
17
-280
-297
-290
-267
23
57
74
67
54
48
48
54
55
52
56
66
70
66
71
74
56
33
29
35
38
45
56
66
72
75
61
51
42
48
53
53
43
42
43
39
33
32
33
50
60
66
65
71
89
102
101
101
106
112
104
86
73
82
87
83
72
54
44
45
45
43
43
44
42
51
53
43
53
65
81
97
93
72
42
43
73
106
-120
-80
-42
-39
-42
-21
-16
-53
-91
-103
-105
-103
-91
-93
-109
-120
-121
-127
119
108
92
75
87
108
107
103
104
90
72
69
76
68
60
71
76
72
74
72
55
40
42
53
58
50
33
22
23
28
21
12
17
13
2
6
23
33
27
9
-261
-258
8
24
40
48
41
35
27
19
4
-261
-257
10
12
0
6
28
41
37
32
26
22
18
28
41
39
29
16
11
37
50
32
17
10
13
20
22
18
20
32
28
26
23
18
13
8
3
4
-259
-262
-259
2
6
13
10
-259
-278
-294
-290
-264
2
-262
-267
-260
12
24
26
24
18
19
22
11
-258
3
25
37
29
17
17
35
39
44
37
9
-273
-289
-265
10
17
29
32
3
-285
-312
-326
-339
-358
-380
-146
-136
-364
-340
-322
-294
-261
8
22
53
71
64
43
41
36
23
9
10
21
28
37
43
40
36
27
25
22
1
-280
2
52
54
38
40
50
55
54
60
71
58
42
51
53
53
61
60
48
34
35
42
27
18
22
20
43
90
99
73
51
60
84
87
89
84
75
84
99
91
77
86
100
91
64
42
44
65
89
104
89
64
48
44
43
13
-283
-290
-273
0
20
33
25
36
54
69
72
69
53
36
42
65
57
38
28
40
55
56
53
56
60
55
44
43
37
27
49
71
58
40
33
41
51
49
36
38
68
84
76
77
98
96
92
97
90
80
61
55
73
81
65
52
44
39
42
54
59
58
70
82
90
99
98
108
120
-122
-123
121
107
98
97
100
99
101
91
74
68
86
102
106
103
96
89
77
64
64
67
61
60
48
23
28
48
58
64
51
35
20
21
27
35
50
86
115
113
101
118
-119
-110
-117
125
121
108
86
83
105
112
87
53
26
33
36
10
-265
-264
20
51
32
7
9
-261
-291
-323
-331
-327
-316
-299
-279
-269
-266
3
19
22
21
27
28
20
23
49
72
80
72
64
54
42
40
34
29
35
49
67
59
50
59
75
77
65
71
89
92
88
73
68
66
67
71
73
76
83
98
89
83
87
88
88
85
76
69
74
96
114
123
107
89
71
60
66
80
75
51
22
17
32
41
49
64
59
55
66
69
66
54
52
74
89
73
42
19
9
6
19
42
57
57
66
77
87
89
85
91
104
113
113
117
-123
-125
122
119
92
67
65
82
80
60
59
66
68
64
57
57
39
1
-267
21
71
99
85
64
59
68
53
29
17
7
-260
-273
-263
19
27
19
-260
-293
-307
-292
-276
-282
-291
-281
-269
-260
-264
-267
1
23
44
51
50
41
37
52
67
52
19
6
5
18
38
43
35
42
67
85
81
74
88
102
114
116
97
71
61
80
101
91
83
64
50
51
61
72
72
70
75
66
29
11
13
39
51
36
28
34
24
23
38
53
55
43
38
39
41
53
60
60
51
50
65
72
75
59
41
43
52
48
48
59
70
69
48
27
41
61
66
60
53
51
56
68
83
76
66
66
76
92
109
125
-111
-103
-122
106
89
81
80
82
88
100
118
-117
-125
101
92
105
106
85
72
77
71
52
36
33
35
29
39
59
82
92
89
86
96
97
81
57
50
68
87
87
85
85
92
104
100
87
77
68
67
70
67
40
12
-261
-273
-263
9
23
40
53
66
75
58
20
-259
0
10
10
18
38
35
18
16
21
-261
-298
-309
-283
-283
-316
-324
-309
-294
-298
-315
-324
-311
-291
-280
-269
-259
-262
-263
-269
-279
-273
9
18
19
26
40
57
59
41
23
21
24
29
35
29
12
12
48
84
87
82
81
75
67
71
80
82
92
106
124
120
90
76
91
123
-122
118
96
80
85
93
105
99
81
69
61
64
73
88
91
88
86
87
83
66
54
54
54
59
65
80
88
73
44
28
40
53
64
68
67
77
89
92
99
105
99
85
85
87
87
89
90
93
90
92
105
99
85
76
72
68
69
70
67
72
87
97
82
66
68
81
83
66
68
84
86
66
51
57
65
55
44
49
51
57
71
96
105
96
97
113
116
105
88
74
70
82
90
86
84
84
75
71
54
37
57
85
85
85
96
109
113
76
49
44
49
43
36
18
1
-266
-276
-265
10
6
-265
-258
8
32
61
74
72
77
76
68
59
59
58
49
33
11
4
19
38
41
25
21
40
58
64
52
38
28
22
16
6
11
24
20
11
6
8
21
41
60
59
39
25
25
33
33
22
27
50
64
64
60
52
49
69
73
52
42
41
40
42
49
49
36
37
48
50
58
60
44
17
4
20
42
49
48
49
45
34
25
36
64
74
72
81
77
80
101
103
85
69
53
57
80
70
35
20
36
60
82
84
67
55
45
44
52
56
52
36
26
35
36
20
-265
-307
-307
-263
25
36
38
40
45
56
50
18
-268
-282
-278
1
27
39
42
57
60
50
58
83
86
70
59
58
68
84
91
80
56
36
38
56
51
25
21
39
53
58
55
52
54
48
37
36
36
35
34
32
25
36
51
55
51
39
44
58
54
53
50
52
51
48
45
44
58
69
68
73
75
83
91
88
59
36
43
64
69
64
65
72
80
83
89
100
81
24
-281
-299
-290
-261
26
29
7
-270
-284
-306
-329
-377
-185
-229
-247
-242
-204
-167
-156
-164
-171
-155
-140
-133
-139
-140
-370
-331
-298
-281
-262
19
28
27
42
68
74
77
87
92
96
115
122
115
99
80
61
57
64
75
101
117
108
85
66
65
60
70
81
86
91
73
54
55
70
76
71
72
80
93
114
-127
-123
-122
123
105
97
90
90
99
99
84
74
75
76
80
92
106
107
102
104
105
98
89
82
89
92
86
82
70
59
52
55
54
55
57
65
83
114
119
101
82
69
77
77
68
52
39
35
36
52
64
59
56
69
71
76
82
74
74
74
69
72
92
108
92
71
70
76
67
51
59
82
81
58
41
35
58
97
101
74
53
60
89
113
118
120
106
85
90
103
112
119
124
121
116
96
70
66
80
83
60
49
68
85
69
44
50
72
74
55
48
64
80
86
77
72
73
83
90
89
85
81
76
66
64
72
75
75
72
70
81
86
65
48
57
75
86
80
73
75
68
38
-260
-297
-314
-299
-277
-291
-316
-329
-339
-354
-134
-170
-187
-205
-213
-204
-186
-177
-173
-165
-149
-153
-153
-135
-379
-370
-338
-301
-295
-293
-289
-266
12
27
19
4
-258
11
16
8
35
65
70
81
103
116
102
70
69
81
75
72
66
56
54
72
123
-93
-88
-101
-110
-119
-116
-105
-104
123
86
75
105
-128
-125
108
85
91
116
124
123
102
93
106
117
120
-128
-126
-124
-119
-112
-106
-103
-110
-116
-108
-95
-92
-102
-119
118
101
97
102
114
-128
-118
-108
-107
-119
122
96
68
51
49
60
91
-128
-118
-122
-119
-116
-126
102
75
74
77
82
92
109
120
118
106
99
99
101
115
123
124
118
100
92
116
118
101
96
88
84
87
90
76
59
43
34
48
68
83
98
104
85
81
109
124
115
107
117
-128
117
100
85
76
80
86
101
92
83
76
80
104
122
119
112
114
-124
-126
101
73
71
65
38
32
40
49
45
45
56
69
64
54
58
74
90
96
98
87
67
58
58
60
66
74
84
71
60
53
41
41
55
58
45
25
18
19
26
33
43
40
32
32
40
43
33
24
29
37
35
22
8
3
3
8
13
20
28
34
32
38
39
35
33
32
24
25
28
27
36
33
16
17
23
19
11
10
11
19
34
43
49
51
29
8
10
32
35
12
-266
-276
-268
3
16
4
-264
-259
11
9
9
21
27
28
32
39
55
60
64
54
50
38
27
26
18
5
-260
-258
1
-257
0
19
44
44
12
-265
-259
7
-259
-285
-312
-326
-311
-277
-258
-264
-266
-257
21
36
29
21
28
50
65
48
19
7
23
52
72
65
39
25
17
29
50
67
59
45
43
52
58
67
55
21
12
42
50
29
20
18
27
37
33
33
38
37
49
59
53
42
35
36
44
57
51
33
29
37
49
52
38
42
65
74
71
56
39
49
65
53
50
57
66
66
57
50
52
41
32
34
56
75
73
68
57
61
73
69
65
66
72
76
72
59
50
43
52
74
100
108
112
102
73
53
53
59
68
69
52
22
-262
-281
-290
-286
-278
-260
22
35
20
-262
-290
-331
-132
-182
-216
-233
-230
-199
-161
-147
-156
-186
-212
-221
-222
-226
-225
-217
-213
-204
-188
-177
-158
-135
-357
-325
-307
-295
-284
-275
0
7
-259
-275
-274
-263
3
7
9
21
50
85
105
115
113
104
114
-119
-92
-79
-87
-101
-89
-62
-40
-28
-45
-59
-61
-56
-55
-64
-85
-96
-92
-88
-88
-91
-91
-85
-75
-76
-78
-93
-112
-107
-95
-89
-92
-101
-111
-107
-87
-70
-62
-55
-58
-69
-60
-46
-40
