-87
-93
-77
-31
-23
-42
-60
-57
-36
-12
-16
-26
-13
-9
-13
-44
-86
-111
-119
-127
104
73
37
4
-268
-309
-359
-140
-184
-246
-546
-565
-597
-388
-422
-454
-484
-507
-780
-817
-844
-842
-842
-857
-877
-651
-667
-648
-881
-866
-838
-818
-838
-868
-861
-825
-785
-492
-470
-440
-386
-599
-582
-556
-537
-523
-242
-220
-226
-215
-171
-363
-306
-260
26
50
58
61
101
-125
-128
122
121
-126
-93
-69
-42
-25
-31
-41
-45
-58
-56
-39
-8
267
263
264
274
275
275
282
298
312
316
316
314
312
312
321
327
320
293
290
299
320
327
309
295
298
306
306
299
284
264
257
-6
256
275
296
282
-12
-39
-39
-36
-36
-32
-30
-30
-23
-7
-15
-32
-39
-40
-52
-64
-75
-79
-88
-76
-64
-88
-112
-124
-120
-107
-78
-43
-37
-61
-83
-112
-120
-119
106
55
27
53
105
-117
-101
-119
103
104
121
115
105
119
-112
-96
-86
-93
-115
-124
-119
-110
-107
-103
-80
-73
-74
-71
-73
-83
-105
-122
-126
-125
-120
-119
-128
-121
-115
-118
-111
-105
-106
-110
-128
109
115
-127
-118
-127
115
121
-125
-127
-117
-103
-105
-121
-125
-123
-121
-105
-109
120
107
108
121
-125
116
98
100
123
-106
-108
119
104
103
101
88
64
57
65
70
81
89
81
64
57
70
85
89
90
89
91
96
89
81
77
76
70
65
67
66
67
68
60
52
35
38
37
26
25
28
50
69
77
91
81
69
74
59
42
48
48
40
36
44
57
54
40
26
17
12
13
3
1
19
25
-259
-308
-347
-359
-329
-289
-265
-269
-295
-326
-354
-377
-147
-179
-220
-523
-549
-538
-517
-252
-514
-253
-250
-254
-248
-243
-233
-215
-209
-197
-170
-151
-132
-373
-344
-313
-298
-278
0
16
39
67
81
88
97
105
98
85
71
70
83
96
96
91
107
-120
-111
125
101
104
115
123
-120
-117
-115
-116
-112
-119
124
117
112
104
100
101
103
98
99
118
-125
-112
-106
-115
125
113
103
100
97
101
102
92
93
116
-124
120
102
103
124
116
88
90
109
113
92
83
91
88
83
76
68
58
67
71
72
65
55
68
67
50
41
51
53
48
53
48
53
87
117
122
102
80
81
85
75
56
37
25
35
41
51
57
49
51
66
71
58
50
51
57
52
35
33
43
50
49
48
35
20
23
34
25
8
9
32
56
76
61
40
54
66
52
48
67
87
84
84
77
55
45
56
71
76
85
88
84
83
96
99
82
64
64
84
92
81
65
64
72
73
73
70
71
67
52
50
66
98
123
120
89
64
76
93
107
104
89
85
90
90
80
60
52
57
64
64
64
68
71
68
51
22
-257
-259
23
42
29
-273
-308
-309
-306
-327
-370
-153
-161
-376
-325
-286
-297
-333
-356
-357
-342
-322
-301
-285
-274
-259
3
5
22
38
52
71
81
83
99
108
100
92
102
107
107
92
83
90
100
104
103
107
122
-127
124
123
120
113
105
103
106
107
100
91
96
97
97
89
82
77
87
92
84
71
65
74
89
100
98
92
99
118
116
108
108
103
93
80
71
82
105
113
100
97
102
117
117
105
106
115
115
113
109
106
101
106
119
115
104
97
104
119
105
88
83
82
98
98
80
69
68
65
56
49
41
24
9
23
54
67
54
37
29
33
36
32
23
22
29
44
57
55
38
13
12
35
51
43
28
20
21
27
33
34
28
21
26
49
55
19
-260
-259
8
25
28
32
43
56
64
64
52
34
33
34
42
70
102
90
68
69
76
56
27
12
18
41
53
65
81
103
115
91
61
48
41
38
32
5
-277
-282
-273
-268
-259
18
27
25
40
51
57
74
92
104
113
89
55
37
38
53
60
66
55
38
35
42
53
41
17
16
24
23
36
53
58
56
49
41
43
44
49
49
41
38
50
67
73
73
68
67
75
93
97
83
77
82
86
84
69
42
29
25
18
3
-278
-293
-293
-274
1
-269
-314
-364
-146
-172
-201
-234
-533
-556
-555
-537
-514
-231
-211
-196
-195
-203
-204
-189
-165
-149
-137
-372
-331
-293
-280
-282
-290
-298
-293
-274
-258
3
4
18
39
56
54
57
55
37
36
51
67
80
91
100
86
75
86
106
108
85
60
67
84
96
104
116
122
114
98
90
102
121
-120
-122
124
122
-128
-122
-116
-116
-122
-107
-85
-73
-88
-105
-90
-84
-105
-121
-119
-121
115
101
104
112
114
115
-128
-123
124
117
122
-121
-101
-91
-104
125
104
104
-128
-112
-119
-121
122
104
99
118
-120
-127
122
122
112
103
96
82
72
72
71
75
89
115
-119
-117
-125
-126
118
104
102
112
124
-115
-125
91
81
97
104
91
89
99
106
104
108
125
-126
108
103
113
112
102
99
90
97
103
109
117
105
89
92
80
49
50
70
72
57
35
26
45
67
73
66
51
51
65
74
74
67
65
71
69
60
54
51
37
12
6
22
28
18
16
25
38
50
59
70
76
68
57
48
45
50
45
51
66
69
59
43
38
44
58
81
90
87
88
92
105
108
88
65
58
67
65
52
48
40
44
61
71
55
41
36
34
32
36
55
70
72
71
81
92
99
92
81
66
61
58
54
53
56
64
70
76
74
51
35
35
28
33
41
33
7
-257
8
22
32
29
25
24
23
16
-259
-265
-260
5
16
19
28
39
34
27
34
39
39
38
45
39
21
19
37
54
48
23
8
8
17
24
39
64
72
57
56
59
57
56
48
27
29
38
41
44
49
43
34
19
17
25
29
36
38
27
24
36
40
24
-259
-263
16
34
33
33
26
24
23
18
12
5
-261
9
33
44
48
29
19
8
-261
-274
-292
-299
-294
-294
-302
-299
-281
-264
5
21
39
50
73
103
117
107
98
103
113
105
83
68
82
101
104
102
115
118
99
81
80
96
102
97
90
86
89
92
92
86
87
99
104
89
67
58
65
71
76
77
74
70
76
91
92
80
65
65
72
81
85
91
80
49
22
12
11
25
33
13
8
37
61
66
48
33
36
41
41
38
50
69
80
50
1
-275
1
28
34
17
-257
-270
-279
-292
-305
-330
-372
-137
-139
-132
-129
-380
-372
-371
-135
-165
-174
-162
-132
-348
-313
-277
-259
-262
-260
12
28
33
20
12
16
22
28
39
45
39
34
39
57
74
71
55
48
57
58
60
70
70
66
76
105
120
-127
-125
124
116
114
115
112
108
115
-126
-122
-128
125
-126
-127
117
98
88
88
88
91
99
102
92
92
117
-126
106
83
91
118
-126
115
96
92
85
75
88
107
97
86
117
-115
-111
-124
107
91
96
105
101
75
59
71
89
86
68
54
65
73
73
77
81
69
45
37
41
51
58
67
54
38
39
55
76
71
43
28
33
38
33
11
4
6
9
10
8
5
20
43
67
74
59
56
65
70
66
57
43
37
33
32
32
27
37
52
43
32
25
23
21
19
29
58
71
65
56
50
41
36
51
43
19
6
4
7
17
19
10
7
21
50
68
64
49
28
7
-273
-270
4
29
49
45
26
24
48
70
69
42
11
-258
5
17
28
40
37
33
35
32
26
38
54
73
85
74
59
57
70
71
76
85
85
75
73
81
93
97
85
73
69
70
67
56
54
54
44
28
27
42
52
50
48
50
44
35
23
12
12
22
24
22
16
16
41
60
49
36
35
24
16
25
29
33
36
24
13
18
16
7
4
13
33
42
39
41
58
71
73
73
69
55
41
43
58
56
37
29
35
35
25
38
65
72
66
68
80
90
84
50
21
1
8
41
67
80
76
72
90
122
-116
-127
83
34
6
9
25
28
22
6
-259
-258
-266
-301
-328
-338
-328
-314
-305
-297
-283
-257
28
59
88
100
99
101
105
116
-122
-108
-118
122
118
108
107
108
113
108
102
103
118
-124
-120
-118
-121
119
103
102
98
101
103
99
93
90
97
99
92
84
84
101
104
92
98
118
125
106
73
55
59
75
91
85
72
90
122
-120
119
96
91
107
112
97
84
87
85
84
89
89
76
59
53
56
49
36
38
52
49
37
23
16
2
-259
11
28
40
57
73
56
39
48
45
21
-260
-267
-259
20
38
43
35
18
11
20
33
35
32
23
23
22
24
37
50
50
43
27
17
18
35
56
61
50
42
34
20
21
41
55
27
-273
-291
-274
10
33
27
9
4
21
32
25
21
17
6
-273
-292
-294
-275
-261
-262
-269
-274
-258
11
20
26
32
32
34
33
19
10
12
12
10
24
44
55
53
49
54
61
53
33
18
22
26
33
56
85
93
77
67
86
103
89
67
49
41
53
55
44
42
54
58
50
38
41
28
23
45
57
52
57
77
77
55
43
45
36
17
17
24
25
33
53
68
64
56
61
60
53
56
70
80
74
70
69
67
59
43
49
66
70
70
68
70
83
90
104
112
91
65
58
68
75
71
54
40
44
65
74
64
58
77
84
64
49
58
74
72
55
36
37
66
74
64
54
48
40
41
37
23
20
39
66
81
99
112
105
80
61
68
70
74
87
90
88
86
88
84
71
50
36
35
48
57
48
40
58
76
64
40
50
70
74
72
76
76
76
65
53
58
73
73
67
67
82
83
61
49
56
66
69
76
101
124
-116
-106
-104
-107
122
96
83
85
89
77
64
60
59
54
54
58
64
67
69
59
52
44
38
48
59
58
60
68
56
42
42
40
33
24
7
-269
-282
-293
-296
-278
-273
-307
-359
-153
-186
-209
-237
-535
-571
-587
-584
-586
-590
-589
-584
-597
-629
-389
-634
-620
-618
-614
-583
-551
-545
-540
-520
-251
-247
-228
-183
-139
-379
-373
-354
-322
-267
50
86
99
100
100
108
125
-123
115
91
97
-128
-101
-88
-92
-96
-90
-87
-93
-109
-127
-125
-107
-86
-73
-68
-67
-71
-73
-69
-62
-47
-42
-56
-69
-77
-79
-56
-24
-21
-41
-64
-72
-63
-53
-48
-61
-79
-99
-105
-92
-86
-87
-93
-101
-91
-85
-87
-88
-76
-74
-89
-111
-126
123
117
112
104
92
100
114
113
113
122
-128
114
98
89
87
80
80
96
108
106
112
-123
-103
-104
120
89
91
119
-122
-124
120
107
105
108
116
121
120
122
-126
-111
-103
-122
116
113
118
121
106
88
81
77
84
98
112
104
106
-124
-124
107
98
101
104
105
107
106
113
121
124
-126
119
108
103
97
93
98
97
102
117
117
98
82
83
96
82
57
55
72
81
65
56
69
83
86
68
34
1
-259
11
24
40
59
65
54
53
69
76
53
17
-275
-281
-269
-258
0
2
4
8
-259
-278
-282
-258
40
66
64
44
29
33
51
55
53
55
53
55
48
33
21
25
37
32
23
43
80
93
87
75
69
52
40
43
57
83
100
98
91
89
89
89
88
82
80
81
73
72
73
73
80
86
90
86
73
80
101
116
116
108
100
98
96
89
87
98
98
91
97
100
105
106
107
122
-120
-120
-121
-121
-126
117
118
-128
-128
-116
-94
-93
-106
-126
114
123
-125
118
93
81
82
99
112
109
105
105
112
121
-127
-125
-126
-126
-119
-111
-125
89
36
-263
-278
-267
4
24
29
21
-259
-279
-292
-309
-343
-132
-166
-180
-173
-168
-166
-152
-151
-161
-148
-381
-380
-138
-138
-365
-332
-316
-324
-333
-324
-311
-310
-300
-285
-279
-276
-284
-279
10
40
37
20
20
28
35
37
37
43
43
49
73
91
89
77
70
57
45
50
60
65
65
59
56
64
81
92
77
59
58
70
83
92
101
98
97
92
82
69
61
73
83
86
109
-122
-126
106
91
96
101
113
-126
-122
-125
123
112
103
109
101
98
114
-126
108
73
70
87
102
98
82
81
87
96
100
96
73
74
90
108
115
96
83
85
88
83
68
58
49
37
34
27
16
1
-260
-258
10
25
45
54
45
43
40
27
9
8
39
76
84
72
72
74
59
25
-264
-281
-294
-298
-307
-317
-313
-291
-265
7
2
-269
-279
-270
8
22
25
26
20
3
-262
8
38
43
38
37
37
37
48
59
64
66
82
88
75
65
61
69
77
91
98
89
76
72
57
39
48
71
75
64
53
71
80
58
33
23
34
56
71
69
68
72
87
99
92
84
82
88
75
59
43
39
49
66
76
85
74
60
69
91
90
73
54
38
38
53
68
66
53
49
53
68
77
70
61
61
69
74
74
69
53
33
21
16
28
53
51
28
23
33
24
3
-268
-297
-324
-340
-360
-377
-376
-358
-339
-325
-330
-341
-332
-318
-291
2
21
17
10
13
21
26
26
26
32
38
35
35
48
53
48
53
66
59
64
76
88
102
106
108
85
86
92
98
99
88
76
73
80
80
73
77
89
92
97
101
102
104
112
105
93
83
84
91
97
98
99
93
82
86
101
102
107
116
105
100
120
-101
-84
-100
-111
-117
-124
121
107
106
116
114
103
90
83
88
103
120
-120
-119
-128
120
124
-128
121
112
96
98
105
113
115
98
88
101
115
119
122
-126
-127
114
103
99
97
83
68
68
73
70
66
64
57
50
51
53
48
49
54
61
59
54
54
52
48
44
57
69
67
53
50
56
59
48
34
34
37
38
34
32
40
42
37
19
-275
-299
-300
-291
-267
0
-261
-267
-280
-289
-284
-306
-347
-129
-142
-138
-366
-346
-333
-323
-313
-311
-310
-298
-278
-259
-263
-283
-289
-273
-259
-257
6
19
35
54
56
48
34
24
25
53
88
91
75
68
75
98
101
86
84
90
91
98
108
124
124
103
80
80
90
89
73
72
87
88
77
72
77
86
97
98
92
89
74
70
85
100
108
119
-125
-115
-115
-122
109
73
50
51
59
72
101
123
-125
-128
123
-123
-127
99
75
80
92
104
113
99
83
83
93
86
66
65
66
52
34
29
39
59
72
66
54
39
34
43
56
64
74
81
75
72
76
67
51
41
27
9
8
32
52
64
59
39
27
36
48
39
21
8
11
23
27
28
25
20
22
27
38
50
55
64
66
52
38
33
25
21
28
42
55
67
54
29
18
20
26
29
37
44
43
36
33
39
48
38
28
24
29
36
34
36
39
27
19
18
23
19
1
-283
-317
-339
-350
-329
-261
49
50
35
53
83
108
103
75
70
76
87
114
-105
-75
-80
-94
-93
-100
-119
119
113
109
106
103
107
102
90
75
54
43
45
53
55
51
48
50
43
29
19
23
45
67
57
45
51
56
64
69
67
56
39
19
12
16
22
26
21
9
5
17
26
24
5
-261
5
33
48
33
3
-263
5
13
10
7
9
19
32
21
0
-258
19
24
18
8
11
22
33
39
41
36
28
27
21
17
27
33
35
41
44
28
23
52
64
38
8
-261
-259
0
-264
-267
3
20
18
9
10
10
8
20
38
41
19
3
4
16
27
35
21
-269
-302
-282
23
39
42
43
48
57
60
50
38
34
37
39
42
41
41
34
26
23
4
-273
-277
-276
-265
-257
-260
-261
17
52
70
74
75
80
91
100
88
84
81
68
40
27
36
41
38
34
28
41
55
51
40
32
34
51
69
75
64
43
38
55
76
74
48
20
19
29
32
28
34
32
24
33
49
66
80
69
60
70
67
55
51
41
34
34
45
52
51
44
38
43
52
43
24
1
1
18
34
41
44
37
42
57
51
18
-267
-270
23
67
91
104
124
-117
-110
-106
-109
-115
-117
123
117
124
-116
-116
114
96
98
104
103
105
120
-128
117
101
82
53
41
51
60
70
54
27
12
10
17
20
23
34
45
42
29
17
23
39
43
44
65
73
53
26
23
36
39
27
18
27
54
59
50
39
26
8
-263
-261
7
4
3
24
50
60
65
66
66
66
71
72
54
40
50
75
92
85
71
60
67
74
64
44
42
44
48
36
17
16
22
12
3
7
22
21
5
-263
-259
5
12
12
-261
-280
-263
18
24
23
41
73
66
34
12
13
26
39
43
36
41
71
73
54
42
38
40
49
74
90
85
76
75
70
59
59
68
72
69
66
65
56
50
54
53
44
45
58
69
65
54
60
84
80
53
38
38
50
64
68
58
41
38
36
25
21
21
25
21
9
10
26
33
28
22
18
23
49
52
38
38
37
40
44
52
55
67
74
58
41
37
42
54
61
67
59
49
41
43
50
41
24
5
-274
-268
23
43
17
-292
-340
-131
-174
-220
-530
-562
-564
-572
-594
-598
-602
-610
-619
-629
-620
-588
-561
-542
-516
-226
-186
-152
-130
-134
-134
-370
-338
-301
-268
2
11
27
51
66
73
74
73
86
90
82
82
93
114
123
117
107
112
114
107
104
106
107
120
125
122
120
122
125
123
116
106
106
113
121
-121
-110
-110
-115
-111
-101
-89
-90
-95
-94
-87
-84
-75
-64
-62
-73
-83
-87
-91
-89
-76
-83
-107
124
117
117
116
101
85
82
91
92
87
83
85
98
112
121
117
90
66
73
122
-55
280
324
349
133
197
519
560
576
598
629
404
456
772
808
841
857
848
834
841
874
642
870
809
772
779
785
486
419
613
570
553
556
576
572
532
212
169
166
162
133
353
315
266
-47
-99
-124
116
88
41
-257
-293
-324
-329
-329
-344
-380
-169
-189
-185
-178
-177
-185
-201
-217
-226
-234
-252
-526
-548
-567
-586
-583
-557
-533
-524
-533
-529
-522
-532
-545
-550
-552
-563
-580
-585
-578
-562
-534
-249
-242
-245
-249
-244
-241
-237
-243
-246
-236
-220
-220
-234
-229
-203
-187
-181
-172
-173
-177
-164
-146
-147
-163
-171
-162
-161
-166
-153
-131
-366
-369
-374
-363
-343
-329
-324
-311
-298
-297
-295
-289
-285
-281
-267
-263
-274
-283
-279
-262
6
7
1
11
26
6
-282
-281
-259
1
1
8
23
38
44
41
33
26
23
29
35
34
33
34
44
52
44
33
25
42
53
41
26
16
3
-260
-258
3
4
-258
-261
-262
3
19
22
18
18
38
65
66
49
39
41
54
60
51
35
34
51
58
66
60
41
33
26
23
21
24
27
21
13
36
43
34
25
25
11
-276
-294
-282
-258
13
21
19
22
37
52
55
44
36
36
48
64
65
58
50
51
54
34
22
22
43
67
59
54
70
73
52
40
44
43
48
60
60
54
51
50
44
34
29
40
45
45
43
52
68
74
70
37
-259
-267
13
70
120
-119
-95
-60
-20
272
292
291
263
-27
-45
-29
-13
-19
-36
-55
-68
-83
-102
-115
-101
-75
-58
-61
-80
-102
-116
124
107
97
88
85
71
58
49
34
17
5
-262
-259
17
9
5
17
8
-259
-258
1
-262
-264
-260
8
29
39
28
20
13
12
7
-262
-280
-279
-269
-263
-261
-258
-261
-261
-260
-257
1
-262
-270
-269
-259
-257
-262
-261
-258
-260
-259
5
10
19
11
-260
-273
-277
-273
-274
-268
-264
-266
0
21
38
42
37
34
38
48
44
32
27
36
37
39
41
48
61
58
45
36
22
19
33
48
56
56
53
42
43
58
55
43
39
38
50
65
72
60
43
33
26
25
35
42
55
64
48
16
-261
-263
0
32
73
116
-116
-92
-64
-43
-39
-52
-74
-89
-96
-103
-108
-110
-110
-119
120
102
83
70
60
57
68
85
98
81
54
39
53
73
71
56
49
42
38
37
39
32
20
11
-264
-291
-285
-269
-270
-267
10
37
57
76
103
105
93
92
98
93
92
89
81
71
64
61
65
54
38
36
35
39
32
25
29
41
54
58
50
38
40
44
42
27
8
-259
21
49
58
55
58
60
59
55
49
45
48
57
67
71
73
66
50
39
50
64
57
51
60
83
89
69
40
32
45
65
66
50
38
39
29
-263
-307
-314
2
102
-73
-43
-42
-3
327
376
136
131
363
340
330
354
128
138
128
355
311
277
263
-6
-26
-46
-58
-71
-93
-119
122
109
88
84
83
74
69
58
44
37
36
29
34
33
13
0
5
19
23
16
5
-263
-269
-275
-278
-281
-282
-285
-291
-289
-284
-290
-286
-289
-294
-307
-317
-306
-275
-260
-264
-274
-277
-269
-261
0
-268
-294
-305
-292
-278
-275
-264
-257
-263
-264
-262
-258
16
33
32
19
10
11
18
12
12
22
23
25
34
36
36
24
25
32
21
3
-258
11
32
39
32
12
3
5
8
11
13
2
-258
9
12
22
40
55
51
27
8
-268
-286
-293
-277
12
56
82
104
-99
-55
-51
-63
-74
-101
-127
114
108
105
98
102
112
108
90
81
81
86
91
97
92
75
54
35
21
22
37
42
48
34
18
-260
-278
-278
-265
-261
-275
-295
-292
-259
12
13
17
22
25
20
12
10
0
-276
-282
-281
-269
-259
5
17
27
27
13
8
6
-259
-263
-257
3
16
32
35
21
19
28
33
32
42
52
55
57
36
16
11
16
22
17
4
-262
-264
-258
7
16
21
19
4
-262
-258
5
6
7
17
27
28
23
19
12
11
12
16
19
35
40
23
5
4
-262
-289
-283
8
53
102
-109
-99
-106
-101
-75
-53
-59
-91
-118
-122
-107
-80
-74
-96
-127
98
85
92
99
92
85
88
92
77
64
57
66
80
70
57
61
59
49
33
27
38
33
19
20
17
6
7
7
-261
-266
-257
18
32
35
25
17
28
49
42
29
20
19
11
-262
-266
3
13
24
42
52
41
35
26
18
7
0
2
11
23
29
37
25
0
-265
-261
-274
-293
-282
2
35
50
36
12
1
0
-266
-297
-316
-311
-293
-279
-260
11
7
1
7
28
36
23
3
-262
1
16
24
36
48
49
45
48
48
54
50
45
49
58
60
48
40
44
42
41
49
53
55
57
58
66
81
82
82
91
99
107
113
108
105
100
107
125
-120
119
100
98
99
91
89
88
90
89
89
88
92
97
84
69
72
76
69
56
51
51
56
55
53
43
35
35
44
64
73
72
68
71
66
54
55
65
57
43
52
73
89
91
83
69
61
58
57
48
35
33
41
44
33
27
28
33
37
49
66
81
77
86
108
-119
-107
-120
120
119
-125
-117
-126
103
83
72
70
71
69
53
33
28
49
71
87
101
107
114
103
88
66
32
4
-269
-280
-282
-273
-260
5
23
29
38
50
48
41
49
60
64
70
84
85
74
70
69
75
74
70
76
88
86
82
72
64
58
65
76
85
82
72
64
52
52
56
54
50
54
59
65
67
66
57
52
57
60
56
55
58
58
51
52
67
76
87
104
113
103
99
106
115
100
77
72
84
83
67
65
76
76
71
65
65
69
76
93
101
85
67
56
60
74
82
74
70
73
74
64
52
56
68
70
64
56
68
81
88
93
99
105
107
98
73
45
43
65
85
99
101
88
83
85
105
-126
123
112
102
101
117
115
86
67
67
85
96
101
92
74
73
72
55
51
58
71
87
82
65
72
90
101
98
85
75
77
82
83
74
43
13
9
25
44
50
44
38
33
39
49
41
42
44
32
23
36
58
71
54
8
-277
-267
5
6
-274
-299
-315
-315
-308
-299
-312
-345
-374
-364
-346
-343
-354
-369
-363
-355
-353
-354
-353
-341
-314
-302
-312
-314
-302
-295
-300
-302
-291
-280
-284
-282
-264
5
3
-258
6
24
33
34
27
27
51
82
100
106
103
96
103
118
119
116
113
106
97
89
97
104
116
122
114
103
108
116
112
107
105
103
122
-106
-89
-86
-100
-116
-121
-111
-91
-103
-127
122
121
123
-125
-125
-125
121
108
115
-121
-107
-108
-112
124
107
116
-120
-111
-117
-124
-122
-117
-124
116
102
91
85
87
102
108
106
109
108
114
120
-127
-126
113
103
113
116
107
114
-127
-124
102
83
97
107
91
70
69
80
87
86
80
70
68
71
73
84
105
117
123
123
104
99
-123
-100
-118
112
103
104
102
99
84
68
66
60
64
81
98
104
100
91
87
81
61
39
9
-264
-268
7
69
124
-120
122
124
-106
-72
-48
-53
-68
-80
-72
-38
-16
-25
-53
-93
124
108
112
114
114
104
102
107
107
86
40
20
32
44
56
53
44
43
55
55
51
49
32
8
2
2
5
6
9
24
42
39
21
-260
-266
8
17
2
-265
-265
-264
-259
6
5
3
2
-257
-260
-262
-266
-274
-270
-263
-268
-273
-269
-262
10
16
17
21
34
45
43
22
0
10
19
8
1
5
18
26
34
37
41
36
27
7
-290
-327
-345
-325
-278
10
11
1
-274
-292
-325
-373
-153
-181
-198
-209
-205
-184
-156
-381
-364
-362
-362
-360
-345
-348
-365
-370
-363
-363
-377
-133
-129
-364
-347
-341
-332
-312
-294
-280
-265
17
37
22
18
44
85
100
85
67
55
54
57
49
34
24
26
39
34
24
32
44
55
70
93
124
125
104
88
82
86
90
80
67
68
87
106
121
112
86
72
77
91
99
86
69
70
77
99
106
99
83
70
64
66
76
83
80
74
71
61
60
65
71
76
81
68
55
56
54
48
59
85
88
80
56
6
-298
-300
-260
56
114
122
112
122
-108
-96
-122
97
71
84
106
118
118
117
122
119
104
88
84
85
87
99
93
82
72
65
70
87
92
83
68
73
91
99
66
26
28
69
92
82
76
75
53
37
41
53
55
41
38
45
50
44
45
53
64
60
51
54
60
80
81
67
54
53
71
82
80
67
51
41
48
69
81
87
82
55
44
50
57
57
48
34
35
36
39
48
51
43
37
40
50
59
72
75
0
10
32
42
34
18
18
35
41
35
27
28
51
72
65
44
48
52
56
59
56
45
32
22
24
23
22
10
12
28
50
42
20
6
6
11
13
13
11
21
32
37
37
42
53
51
40
37
53
61
55
34
23
37
53
65
69
67
51
41
51
76
89
85
82
76
72
74
76
64
43
32
34
42
42
37
49
64
64
52
50
54
58
75
87
91
97
97
81
54
34
32
58
86
86
74
75
75
81
85
84
72
57
58
69
73
58
38
33
42
54
56
53
55
55
57
71
75
76
75
65
44
40
39
35
25
27
48
75
77
53
33
34
50
72
80
54
40
38
37
40
42
45
52
54
48
41
43
53
51
39
28
23
35
39
24
21
23
25
32
28
27
33
33
24
23
36
41
45
53
53
49
42
50
59
57
54
51
54
42
28
43
64
61
51
44
49
59
70
74
70
64
68
76
70
50
42
42
42
41
49
61
77
81
76
72
67
68
80
88
83
64
50
58
80
84
72
59
58
55
42
33
25
26
37
51
65
69
45
24
21
36
41
36
32
27
39
52
65
71
76
64
36
34
48
57
50
35
37
41
43
40
32
34
39
37
52
66
65
56
44
40
42
48
49
39
43
53
42
32
37
55
65
60
52
41
23
18
8
-268
-284
-290
-290
-276
3
21
25
25
34
52
55
50
53
65
67
59
60
66
71
72
64
52
52
58
59
66
64
59
56
55
71
84
77
59
43
38
44
58
61
55
53
61
60
64
68
72
70
67
75
82
51
8
0
44
122
-79
-57
-36
-9
288
339
361
363
363
363
368
377
151
181
185
169
146
139
154
161
145
371
345
345
356
336
306
292
277
262
-16
-44
-53
-44
-53
-78
-110
115
101
102
103
92
75
58
56
42
27
8
-263
-266
-281
-305
-329
-353
-348
-324
-312
-341
-376
-137
-140
-138
-149
-170
-199
-222
-219
-211
-211
-219
-229
-232
-230
-231
-241
-245
-246
-242
-230
-227
-228
-220
-209
-198
-190
-189
-195
-196
-185
-168
-161
-168
-180
-174
-169
-161
-149
-141
-133
-376
-362
-348
-344
-328
-317
-332
-345
-327
-311
-322
-330
-324
-316
-323
-329
-330
-327
-333
-337
-312
-285
-280
-280
-282
-294
-298
-302
-308
-297
-279
-275
-286
-301
-291
-276
-276
-277
-264
0
4
10
10
7
3
0
5
13
9
6
11
10
8
10
9
9
19
37
44
35
29
29
21
23
33
34
25
24
35
37
29
19
7
7
25
49
55
42
34
37
50
48
27
23
43
61
75
90
89
81
80
83
76
70
65
58
56
59
69
83
88
81
70
58
54
64
81
92
88
86
100
120
113
90
72
83
102
106
107
102
81
57
45
68
97
101
91
74
74
88
101
102
101
91
81
70
56
54
66
68
65
65
56
49
39
27
17
5
-260
3
7
5
22
44
50
40
37
39
43
58
72
72
57
49
55
75
91
89
86
90
101
104
85
71
70
70
74
76
72
87
113
117
104
89
80
72
67
66
70
80
74
65
67
75
87
82
29
-283
-308
-268
76
-88
-42
-32
-10
304
359
361
324
293
285
288
280
288
308
317
300
264
-24
-38
-51
-63
-79
-99
-110
-119
-124
119
114
107
92
83
91
117
124
106
76
60
66
74
75
53
29
26
42
67
60
41
27
26
26
16
2
0
16
36
44
40
44
58
70
64
54
52
49
39
26
9
-259
-267
-285
-300
-301
-296
-282
-275
-276
-265
13
44
64
69
72
74
72
75
76
71
50
10
-263
10
48
77
97
97
102
113
-128
-122
117
81
60
68
98
124
-127
119
108
91
69
65
77
87
82
71
52
33
35
50
51
51
44
45
44
33
27
32
32
35
43
44
51
65
61
49
34
23
23
26
22
28
45
64
67
58
41
12
-260
3
13
13
7
9
19
32
43
52
58
59
57
54
48
41
37
33
25
28
42
55
58
45
41
42
50
59
69
59
35
24
33
41
48
44
37
40
45
50
52
56
66
59
44
32
13
18
41
58
75
103
102
72
55
56
57
57
60
66
60
57
53
43
44
59
72
70
60
58
57
66
81
72
43
37
44
44
37
37
55
70
59
41
34
37
40
36
39
44
43
41
45
49
43
35
36
26
12
26
52
64
70
82
81
73
67
61
58
54
52
51
55
58
59
58
59
51
27
17
18
33
41
42
49
49
52
70
84
72
26
-284
-321
-312
3
89
-118
-116
-116
-93
-45
259
278
264
-27
-45
-7
304
311
292
288
288
265
-11
-21
-27
-47
-73
-95
-119
106
82
85
99
103
99
89
72
51
35
32
32
38
65
71
56
33
7
-267
-275
-277
-277
-267
-264
-265
-266
-263
-275
-286
-280
-274
-275
-281
-289
-290
-282
-275
-276
-290
-299
-305
-305
-295
-284
-268
-260
-264
-280
-283
-278
-277
-268
-262
2
1
-260
-262
2
7
-257
-275
-282
-268
0
13
27
22
-261
-301
-326
-324
-298
-269
-278
-314
-339
-338
-333
-346
-135
-205
-515
-519
-246
-237
-229
-218
-220
-215
-209
-205
-201
-196
-173
-138
-347
-327
-343
-353
-343
-337
-334
-332
-312
-279
-257
11
20
18
11
11
28
43
54
77
92
88
80
80
90
99
83
54
48
68
106
-125
115
85
77
89
92
91
90
88
81
72
76
86
91
104
112
104
92
92
99
89
81
83
88
100
102
88
74
70
84
105
118
115
105
93
89
92
98
103
97
85
91
112
112
102
99
96
97
98
89
83
86
90
90
87
76
71
81
91
86
61
51
70
91
91
81
73
84
99
108
101
89
86
84
76
73
84
98
100
105
119
124
121
107
104
103
90
81
82
72
58
72
89
90
89
91
86
75
80
93
93
86
65
22
-267
-274
16
75
-120
-76
-47
-10
304
333
336
338
342
342
330
322
342
138
172
165
149
155
170
150
363
355
360
347
307
-6
-42
-48
-36
-31
-43
-47
-61
-96
118
89
80
76
75
59
26
4
1
11
10
-262
-276
-270
4
27
35
27
28
28
26
24
25
28
25
16
0
-267
-282
-299
-296
-268
11
16
5
4
12
19
10
-258
-268
-265
17
36
22
-265
-293
-294
-282
-284
-289
-292
-291
-276
2
4
-265
-276
-281
-278
-268
-268
-274
-283
-291
-293
-290
-273
-262
-265
-276
-285
-292
-316
-350
-346
-282
53
101
121
-104
-52
-24
-14
258
289
324
331
306
296
333
132
154
138
363
353
364
131
130
357
314
280
-9
-45
-87
-108
-112
-117
-128
105
82
51
39
37
33
21
16
3
-268
-276
-274
-267
-276
-291
-300
-291
-276
-276
-295
-322
-329
-314
-306
-309
-295
-289
-308
-337
-353
-343
-342
-354
-365
-377
-379
-363
-343
-326
-316
-310
-314
-317
-316
-324
-312
-299
-285
-283
-296
-302
-301
-295
-285
-298
-321
-324
-317
-314
-301
-282
-277
-291
-293
-285
-277
-267
-265
-259
9
12
11
12
12
3
-257
-258
1
3
0
-266
-267
1
21
24
12
3
-259
-264
-267
-270
-281
-276
-259
1
0
-260
-263
-258
-259
-259
-261
-275
-281
-268
-263
-268
-274
-259
18
32
34
25
21
36
51
42
24
18
25
42
43
36
28
29
42
59
64
45
26
22
11
-258
11
38
44
36
17
17
28
22
16
21
21
20
20
27
34
34
42
52
48
33
26
28
27
22
8
-262
-262
-257
2
7
6
-262
-275
-270
-264
1
24
36
19
9
19
28
37
34
35
40
36
26
35
50
51
45
53
59
51
44
51
61
75
64
32
24
41
66
75
65
41
27
36
40
32
20
20
28
39
54
57
36
1
-289
-293
-267
44
112
-126
-120
-79
-11
295
298
256
-47
-60
-36
260
292
315
331
332
316
292
276
258
-21
-40
-68
-85
-87
-90
-96
-116
119
108
100
77
56
51
37
20
24
41
48
38
23
12
9
6
10
5
-264
-259
4
-259
-273
-283
-294
-295
-292
-302
-312
-298
-281
-265
1
1
-265
-273
-267
-265
-263
1
9
11
7
-268
-275
-262
-264
-268
0
11
12
5
-257
-259
-275
-294
-309
-312
-310
-285
-257
27
48
38
28
35
32
5
-278
-296
-311
-310
-296
-284
-276
-269
-270
-278
-279
-289
-297
-285
-268
-258
0
-260
7
23
33
35
24
17
20
9
-259
1
23
41
56
61
54
40
41
45
36
11
-258
17
44
64
56
39
33
27
24
29
32
28
45
71
86
93
96
92
86
75
75
86
86
80
65
57
57
66
70
54
20
5
6
17
33
33
6
-277
-285
-277
-274
-274
-267
9
33
48
50
51
68
84
84
76
69
73
87
106
118
114
98
89
82
73
57
51
57
76
92
72
20
-282
-299
-274
56
-109
-31
260
276
306
338
364
129
128
375
364
379
157
179
179
165
144
375
355
337
316
304
288
261
-31
-59
-74
-84
-88
-93
-102
-117
125
113
96
74
64
58
57
57
57
49
37
23
10
6
5
-258
-263
-270
-268
-259
-265
-282
-297
-302
-308
-317
-323
-324
-322
-314
-295
-262
16
6
-266
-262
9
3
-265
8
22
9
5
11
25
36
45
41
38
40
28
10
2
3
1
-263
-268
-267
0
18
33
41
36
10
-257
5
10
-261
-277
-279
-264
0
-259
-259
6
16
21
34
56
81
70
43
33
21
17
13
13
21
35
53
60
66
67
68
83
87
74
54
50
53
53
50
34
23
28
27
27
32
36
22
7
9
25
42
37
17
1
-257
5
13
27
33
19
0
7
21
9
-275
-278
-268
-273
-283
-280
-257
18
19
12
19
32
37
40
21
-268
-292
-283
-268
-266
-275
-282
-273
6
11
-259
-274
-275
-275
-277
-284
-273
8
17
16
4
-270
-299
-324
-329
-294
17
52
65
71
89
106
105
96
74
40
10
19
59
107
-122
112
72
34
-260
-284
-283
-260
3
-269
-276
-269
-267
-269
-266
3
5
-269
-278
-275
-267
1
7
-259
-259
7
17
26
40
44
39
28
21
20
17
11
11
10
24
38
35
36
75
82
52
39
48
60
68
64
65
53
43
45
54
61
70
68
59
52
48
53
54
37
7
-267
-258
16
25
22
28
38
38
37
19
-275
-306
-317
-322
-314
-308
-307
-282
1
22
33
24
12
33
56
54
44
33
39
57
57
42
29
45
69
72
56
41
39
50
68
87
86
73
85
113
-119
-123
117
115
117
124
-126
119
96
75
80
106
123
114
97
90
100
112
117
122
112
93
77
84
98
112
-127
125
119
120
115
102
89
87
113
-128
109
91
98
103
101
90
83
93
116
124
124
106
82
76
92
122
-123
118
105
101
98
96
100
114
124
122
114
116
122
123
118
101
81
72
92
106
102
92
92
97
87
52
18
0
3
38
71
83
80
77
89
98
96
91
86
75
81
104
-116
-84
-70
-73
-93
-126
101
102
121
-122
-118
-123
109
82
57
51
56
56
60
52
25
-257
-268
-264
1
-261
-283
-313
-330
-316
-297
-297
-323
-341
-338
-327
-321
-324
-315
-299
-292
-301
-325
-332
-326
-315
-296
-277
-281
-292
-275
10
35
49
54
55
44
38
50
59
64
53
42
41
51
69
85
77
58
61
66
58
51
53
64
66
56
50
58
64
73
83
97
115
112
98
90
85
81
69
66
81
93
93
91
105
108
102
101
103
101
103
115
106
93
93
100
112
121
114
89
89
103
102
92
82
74
72
70
65
50
38
49
72
75
59
56
65
82
100
82
65
71
89
105
88
43
33
51
53
50
52
32
-290
-347
-369
-129
-169
-241
-553
-564
-531
-244
-246
-519
-518
-233
-218
-226
-235
-230
-199
-155
-380
-370
-360
-353
-342
-317
-294
-281
-280
-274
0
8
22
34
43
44
50
70
89
102
93
86
98
117
123
-127
119
116
-126
-112
-107
-109
-121
124
-126
-122
-119
-103
-83
-80
-88
-101
-107
-110
-117
-106
-94
-101
-107
-103
-86
-73
-78
-80
-75
-75
-86
-101
-107
-111
-109
-99
-87
-80
-76
-78
-80
-91
-107
-93
-87
-103
-117
-123
-123
-118
-96
-83
-94
-117
-128
-118
-100
-104
-112
-116
-111
-119
-125
117
108
105
104
123
-117
122
112
113
105
99
101
98
89
99
108
107
107
107
106
103
100
92
87
91
118
-115
-118
124
-128
-92
-68
-79
-93
-76
-91
122
106
118
-128
119
85
65
101
96
68
68
77
100
112
108
91
73
70
80
73
49
41
55
74
85
86
75
65
50
40
44
60
84
92
87
87
88
86
87
85
90
101
99
82
72
72
73
70
40
3
-275
-285
-266
44
66
4
-317
-342
-337
-340
-375
-157
-169
-140
-372
-360
-343
-325
-309
-308
-337
-353
-333
-290
-265
-260
4
11
21
23
26
27
22
35
67
85
84
83
86
91
108
122
114
106
101
87
84
91
97
98
108
93
73
81
106
-116
-123
102
100
121
-119
-109
-120
113
82
82
91
59
42
65
72
51
32
43
68
86
104
123
-123
-103
-89
-89
-110
115
101
106
122
-118
-116
-116
-116
-118
122
104
103
-126
-122
103
88
93
101
104
105
103
83
64
59
66
70
66
59
57
61
64
55
32
22
45
82
113
125
-123
-121
-108
-92
-93
-123
104
87
83
82
92
113
114
89
74
65
54
22
19
32
32
9
-263
-279
-274
-259
0
2
5
-261
-266
-264
-269
-282
-308
-327
-337
-321
-293
-275
-278
-278
-279
-289
-307
-305
-295
-294
-300
-325
-326
-306
-297
-325
-357
-358
-339
-321
-321
-315
-307
-297
-291
-310
-332
-317
-285
-268
-282
-284
-267
-269
-266
-261
-264
-266
-269
-266
-262
-261
10
24
10
4
13
19
5
19
25
17
18
19
19
24
34
43
45
21
-258
-258
11
25
33
32
28
35
49
58
48
25
25
25
16
5
7
24
33
28
24
20
21
27
37
45
48
55
59
55
51
43
50
55
43
21
6
11
34
39
27
20
18
25
39
43
40
43
57
65
54
65
97
91
48
32
43
41
29
33
43
35
26
42
59
53
29
21
24
37
42
35
8
-267
-291
-300
2
50
36
-264
-290
-296
-313
-347
-133
-177
-215
-242
-514
-525
-517
-241
-231
-519
-567
-588
-583
-552
-252
-220
-225
-241
-235
-210
-184
-178
-179
-164
-381
-347
-338
-314
-269
4
-267
-263
17
36
65
64
43
44
72
107
120
114
93
91
104
119
-125
-119
-119
-103
-91
-86
-79
-75
-64
-54
-52
-78
-102
-85
-55
-53
-73
-90
-86
-77
-73
-77
-90
-101
-100
-95
-107
-110
-110
-108
-90
-89
-96
-101
-99
-92
-85
-83
-89
-103
-108
-94
-73
-62
-74
-93
-99
-77
-58
-58
-72
-91
-101
-100
-94
-106
-118
-109
-84
-87
-107
-96
-78
-85
-103
-108
-103
-107
-107
-100
-104
-101
-100
-107
-112
-102
-94
-90
-99
-110
-121
-118
-104
-91
-96
-112
-111
-101
-94
-103
-107
-108
-112
-123
-124
-121
-115
-125
119
109
112
120
-120
-109
-118
-128
120
107
93
71
68
85
86
72
51
23
-266
-276
10
64
88
64
17
-258
13
19
-261
-274
-276
-282
-293
-283
4
43
64
50
22
1
3
24
48
53
35
21
19
25
23
23
32
39
34
23
17
12
25
48
66
68
57
55
43
37
44
42
33
33
52
73
73
42
20
24
40
50
49
32
17
25
49
51
16
-270
0
27
29
21
35
55
70
83
98
105
104
116
-125
124
119
119
122
107
97
97
98
96
98
90
74
53
57
72
69
57
48
52
70
69
61
54
39
28
29
32
27
26
23
22
21
19
22
25
20
18
41
71
70
50
35
43
73
97
89
66
44
43
53
41
13
7
34
45
50
50
58
88
106
90
65
58
69
69
68
64
50
49
37
21
12
10
21
29
26
43
67
64
48
36
28
35
26
12
2
6
19
26
25
26
33
20
21
42
39
40
51
52
54
61
76
75
66
61
61
70
66
45
33
38
51
64
73
73
73
73
83
91
104
100
86
80
69
67
72
69
69
68
54
41
39
50
81
113
112
85
75
97
114
97
74
60
41
36
55
69
66
59
56
65
69
56
41
35
38
53
54
61
74
68
70
80
97
108
101
77
69
72
83
76
67
69
76
76
67
45
16
-277
-309
-325
-325
-307
-285
-300
-348
-155
-216
-518
-563
-611
-390
-407
-414
-411
-403
-404
-412
-411
-392
-631
-625
-612
-590
-562
-534
-517
-253
-518
-248
-205
-150
-344
-300
-279
-276
-266
8
18
21
26
48
68
82
103
-124
-112
-119
-125
-127
-124
-111
-109
-122
119
115
-125
-108
-110
-111
-106
-91
-83
-85
-90
-86
-68
-63
-72
-79
-72
-68
-64
-57
-70
-74
-80
-89
-89
-77
-71
-78
-86
-77
-75
-86
-101
-108
-103
-96
-92
-88
-93
-105
-103
-94
-86
-77
-92
-110
-124
112
93
88
90
119
-88
-41
-12
262
269
274
268
-7
-38
-74
-100
-92
-71
-55
-52
-54
-60
-84
-95
-78
-54
-57
-80
-109
-127
121
-128
121
120
120
116
114
100
84
86
88
87
103
101
80
83
88
64
53
67
74
69
49
34
40
61
76
85
76
65
59
56
67
84
93
99
92
92
100
108
100
85
82
87
91
98
100
98
82
72
84
97
112
104
74
56
72
73
54
36
34
40
37
27
20
7
-258
10
21
7
-280
-311
-316
-295
-276
-262
-263
-291
-318
-341
-362
-138
-170
-205
-238
-244
-227
-211
-197
-180
-163
-147
-137
-138
-145
-137
-375
-345
-318
-321
-329
-334
-322
-297
-281
-277
6
42
65
72
74
72
69
70
73
74
77
88
85
84
88
91
102
105
99
96
96
105
124
-127
114
106
100
99
108
117
125
-120
-110
-112
-126
117
104
98
106
117
115
108
104
104
108
105
91
85
87
88
83
57
35
27
38
43
34
25
24
40
66
70
58
52
70
92
98
92
99
118
-122
-109
-103
-93
-75
-69
-107
116
113
116
125
-115
-122
112
92
88
100
109
114
116
115
118
124
-119
-116
-121
-128
117
112
118
-126
-117
-119
124
124
-124
-117
-111
-118
-124
-123
-119
-124
96
50
19
-264
-273
9
54
54
18
-276
-295
-301
-315
-344
-379
-152
-149
-373
-317
-260
9
-269
-296
-299
-298
-312
-331
-334
-324
-311
-313
-318
-297
1
18
3
1
9
18
16
16
34
49
39
35
41
50
52
50
53
40
24
22
36
50
58
65
70
91
115
114
91
80
83
90
101
103
105
112
117
112
103
109
115
104
88
83
91
101
113
120
114
93
88
105
-126
-108
-110
-128
109
101
100
109
116
112
102
98
96
84
72
69
57
41
49
68
81
90
100
96
100
115
118
97
65
58
84
98
98
104
101
89
60
10
-281
-275
18
44
58
59
49
37
36
21
1
-263
-284
-324
-334
-301
3
40
49
37
20
19
26
26
16
8
7
13
21
37
59
76
76
74
72
69
60
49
24
9
24
54
71
73
77
87
89
91
89
66
40
26
28
50
57
50
40
48
67
89
105
100
75
56
55
61
72
73
52
38
36
37
49
64
56
60
69
54
39
39
48
58
67
80
89
83
66
57
71
100
-126
-120
118
99
80
75
75
59
20
-282
-316
-322
-291
7
29
27
11
-269
-296
-306
-305
-309
-317
-316
-312
-297
-261
13
4
-268
-285
-296
-314
-318
-300
-282
-265
-261
-266
-263
11
22
23
39
55
57
52
44
42
55
82
92
75
49
32
33
44
64
75
74
74
81
80
59
48
48
50
50
58
84
105
108
97
76
70
74
83
75
66
65
72
92
115
119
102
81
72
74
64
44
51
60
51
40
40
51
59
59
67
69
65
59
70
70
61
70
82
92
101
93
83
69
60
70
89
97
100
101
89
71
65
73
92
107
91
70
68
69
70
77
98
108
107
105
112
123
-128
-125
114
85
85
116
-116
-119
119
115
124
113
96
105
-122
-117
121
106
98
99
89
69
57
57
60
52
36
20
9
5
4
19
23
24
35
48
51
50
65
89
104
96
81
86
99
97
86
84
88
81
68
70
83
93
97
81
72
80
74
40
-266
-300
-297
-262
10
-259
-292
-329
-355
-374
-150
-179
-201
-220
-216
-186
-156
-381
-361
-360
-370
-380
-378
-356
-343
-342
-315
-289
-274
-266
-267
-260
1
5
11
19
25
36
40
43
37
29
40
52
52
42
34
40
57
67
68
66
61
52
45
55
67
58
53
60
69
65
60
72
75
73
85
99
99
101
101
100
100
102
105
108
117
115
101
90
90
105
-126
-118
122
113
102
92
98
99
97
103
116
119
108
99
90
88
89
96
105
105
90
82
86
101
117
118
118
124
-127
120
114
120
122
102
80
76
88
101
98
83
68
54
36
18
23
52
72
61
42
39
48
55
49
36
44
53
49
45
50
60
70
73
74
75
76
73
65
52
43
42
54
64
55
50
54
52
43
39
49
58
57
55
59
74
86
80
58
39
41
50
58
54
34
32
41
44
33
22
32
44
41
22
20
32
26
20
18
17
20
26
29
29
33
27
23
19
9
-257
-258
11
27
26
10
5
26
50
64
66
58
64
66
59
48
41
51
57
64
61
59
73
87
75
66
72
91
119
116
92
86
92
89
69
56
61
76
89
101
106
103
96
80
58
36
33
53
81
76
66
66
74
81
69
39
-259
-282
-264
27
60
90
119
-125
122
118
121
-124
-110
-101
-125
92
83
104
-125
123
101
73
64
69
80
75
84
105
102
75
65
66
72
82
89
102
114
102
80
65
59
64
54
41
48
72
89
66
41
43
60
65
51
38
42
56
58
50
37
28
35
48
52
39
27
13
8
17
26
26
23
16
13
33
48
45
36
22
4
-261
-261
-258
-263
-275
-269
-260
-265
-274
-274
-275
-266
-261
-264
-259
12
27
43
57
43
32
38
38
20
9
19
25
25
20
18
16
10
2
10
27
38
45
56
54
48
41
44
57
72
75
57
45
52
57
53
45
29
18
11
3
3
9
18
19
22
25
36
37
36
27
28
34
27
23
19
11
11
28
49
50
35
23
16
8
8
18
28
26
21
22
39
55
43
10
-262
5
28
49
65
73
77
77
72
59
45
48
66
70
57
36
25
32
49
76
92
92
87
89
93
103
106
96
69
40
21
10
16
36
58
68
53
40
49
60
56
52
44
43
42
40
44
55
60
56
49
44
29
18
20
22
26
36
37
23
21
34
49
55
60
53
44
51
59
51
37
34
39
41
41
35
26
37
43
49
49
38
28
35
48
50
50
49
44
44
65
89
87
71
53
37
26
28
36
43
42
28
22
35
26
-265
-282
-270
4
18
5
4
35
65
77
77
81
85
87
81
61
49
45
51
60
67
60
39
22
25
35
37
35
38
44
45
38
35
27
13
6
12
34
41
35
22
3
-257
20
33
22
16
27
52
59
56
60
68
73
84
97
93
88
84
91
96
82
61
58
54
53
65
70
72
72
72
73
73
75
68
54
55
77
93
74
49
52
68
58
28
1
4
25
41
44
34
36
48
43
37
42
45
43
48
53
55
52
58
60
56
52
42
48
48
28
19
24
33
33
37
49
48
35
35
38
43
37
8
-276
-283
-259
43
102
-110
-86
-58
-9
300
325
328
341
370
154
194
220
241
248
241
234
243
253
242
215
209
212
211
196
157
378
371
381
378
359
329
294
272
266
263
-6
-32
-79
-121
106
84
66
43
40
37
8
-293
-314
-321
-333
-342
-358
-379
-146
-165
-165
-158
-177
-211
-221
-209
-199
-210
-217
-210
-183
-172
-193
-218
-226
-216
-212
-211
-205
-212
-217
-212
-201
-200
-197
-188
-180
-168
-164
-169
-171
-162
-142
-379
-364
-360
-370
-373
-362
-345
-353
-371
-377
-138
-136
-373
-362
-363
-358
-347
-338
-333
-329
-329
-331
-325
-305
-290
-294
-307
-311
-317
-328
-321
-296
-281
-282
-292
-301
-314
-318
-301
-276
-261
-259
-282
-292
-265
22
33
16
-279
-296
-278
-264
-264
0
1
2
16
22
20
12
-264
-282
-280
-268
-258
0
-273
-273
2
7
-260
-268
-275
-269
-259
6
10
10
17
29
54
66
72
74
68
60
73
89
89
84
65
34
11
-263
-263
33
74
91
86
54
29
36
48
48
37
27
22
12
12
32
44
44
36
27
25
32
50
76
112
-128
117
109
97
80
77
83
74
61
53
64
74
85
81
69
69
69
71
75
77
61
33
27
51
59
58
69
83
98
107
100
82
70
86
112
108
104
113
102
91
98
93
92
96
89
87
105
-124
-104
-105
-109
-112
117
70
22
9
36
72
91
84
59
28
-261
-274
-291
-327
-382
-177
-184
-162
-381
-358
-348
-348
-356
-363
-363
-348
-325
-295
-267
12
32
25
19
35
64
89
97
105
116
112
100
103
116
106
90
84
86
89
92
100
97
88
85
85
91
100
96
81
72
70
82
100
106
115
-128
121
-127
-109
-116
122
123
-110
-102
-106
-101
-95
-102
-105
-96
-108
117
91
98
-127
-110
-119
122
-127
-112
-126
118
119
122
124
-123
-127
120
114
114
121
121
124
-122
-118
-117
-108
-103
-99
-93
-102
-101
-96
-102
-102
-99
-99
-115
125
118
123
124
114
99
92
105
112
105
88
84
115
125
123
-121
-121
-126
-123
-119
-118
124
106
92
92
98
90
74
53
37
26
20
21
21
13
10
11
6
-259
-257
17
45
73
96
113
-126
-110
-105
-117
-126
122
120
109
103
106
99
87
86
102
-125
-112
113
88
99
114
118
104
98
108
-121
-116
-128
118
109
117
-128
109
83
80
87
86
81
73
73
77
73
75
82
83
71
65
68
59
40
18
7
17
55
105
-115
-120
-126
-88
-39
-15
-12
